3.829121698716690392e-01
1.851656063709708755e-01
nan
6.448384073970548913e-01
8.535173592670932674e-01
3.758136509003010550e-01
6.411252032167331638e-01
2.217923734667312241e-01
1.373649962794639967e-01
7.866961999304959707e-02
1.758743998367182926e-01
8.438524788204872229e-02
1.120504789336348866e-01
6.028703782616209317e-01
1.073087007911556062e-01
7.509476745070593484e-01
5.151523507217123932e-01
2.171597418477898278e-01
1.945040374203925448e-01
4.493427454079930716e-01
3.418298140761309445e-01
4.735569022750874546e-01
3.141501504880924722e-01
2.482025873589687737e-01
5.292556413802264048e-01
2.514421866804763539e-01
1.122927364155334173e-01
3.179832033711621486e-01
8.443227456428112343e-02
2.088009908868892761e-01
3.665971734160750062e-01
6.631307137216280179e-02
2.331952463038532430e-01
3.134245094062458881e-01
2.350805601938034950e-01
1.345770724547259711e-01
2.176767822822849585e-01
1.571587788937896524e-01
2.072917521615731951e-01
7.901928860678270050e-02
1.000324154587315800e-01
1.039795260238989688e-01
1.159518401154507605e-01
9.996505956213512512e-02
8.404957250610051167e-02
1.348024928831404456e-01
1.803348516446847127e-01
8.239345524906500906e-02
1.061620260158920442e-01
2.123346690928786251e-01
1.009164336914095961e-01
2.432015668558037413e-01
1.517539142278834068e-02
3.751690618026912727e-01
2.411421874412775224e-01
2.743040861780418616e-01
2.507976375146904746e-01
2.938364025026322657e-01
1.569244535073685554e-01
2.134761452116365477e-01
2.292117438290956211e-01
3.822940213732490822e-01
1.358456328060792806e-01
1.513691858809796120e-01
3.176285768936752962e-01
5.864967200592617891e-01
1.385716518687868659e-01
4.150495830470710690e-01
2.433188402652510240e-01
8.510313379221540186e-02
8.775555501866821873e-02
2.993653814465042085e-01
1.095351594606995688e-01
5.958931936926581407e-01
1.847085151649829338e-01
2.528244706370163519e-01
1.895737228789396434e-01
1.081881339289842425e-01
1.018160899077889814e-01
2.202376343355339217e-01
1.578425633693414376e-01
1.371191609346729123e-01
2.286845461129429213e-01
1.566387308892516206e-01
1.739036730900841432e-01
1.743245660449629642e-01
1.913901008424919448e-01
1.875675068393456435e-01
2.691185746627691167e-01
7.962545438111455487e-02
2.049919678343277984e-01
2.689706763156166081e-01
7.558403011331960020e-02
1.356399604932319869e-01
1.873900617167883198e-01
1.051844916618078329e+00
2.677019783808123887e-01
2.327616239782325513e-01
2.762275204983331012e-01
1.940898539653899690e-01
1.789855701960476886e-01
2.295458660112406624e-01
4.291100363485318425e-01
2.217627110502715659e-01
2.821691477288928440e-01
3.091810396031686725e-01
7.452300885317643397e-02
3.196057373557376069e-01
2.371961958823776417e-01
1.841456982431542710e-01
1.705896781659079209e-01
8.431730718250762813e-01
1.711304678458686890e-01
9.797245812108534846e-02
3.057398194037446171e-01
2.170686940865969305e-01
1.087544806065779412e-01
7.721943797166758161e-02
1.112776986837769183e-01
1.623468819051798184e-01
7.499857926587910617e-02
1.333355630220256494e-01
3.248092138237314019e-01
2.137133922019898713e-01
1.105055153382962646e-01
1.231895488390367943e-01
1.142221293895339940e-01
1.980690675243639565e-01
2.632229054358726228e-01
3.240557372136598779e-01
1.320586484452296316e+00
3.830019391568547094e-01
3.020849387311524414e-01
1.594887465985912189e-01
3.972318788621279628e-01
8.033553866365535090e-02
1.110101810665444777e-01
1.448553835717695804e-01
8.354626402490102077e-02
1.162091975408598293e-01
8.683094068375639407e-02
1.676911460259420950e-01
7.835160563393114841e-02
5.019803094388813891e-01
4.012162600364915233e-01
2.086882208600613076e-01
1.884599529924858297e-01
7.632663090038613318e-02
1.476553585196039575e-01
6.425856808900577699e-02
1.699098555706254621e-01
8.925246187891028304e-02
1.508691902477169722e-01
1.093059725875663024e-01
1.277061459449853331e-01
1.427980823426305002e-01
2.680730287686483582e-01
8.745390885316342566e-02
1.450597687189295326e-01
1.746446122391460409e-01
1.457796456449448608e-01
6.031680351059445083e-02
5.186421093902755797e-02
1.766110082963166794e-01
4.447036581987310333e-01
1.758839503574973484e-01
1.579351378502362735e-01
2.366588214147463676e-01
1.353957183635454697e-01
1.111313401382361815e-01
2.122662812229354490e-01
1.336654837188969991e-01
1.052908868916495877e-01
3.742291723646520851e-01
4.053739396318714050e-01
1.867295681547704311e-01
2.431106481813485598e-01
1.059745830285094004e-01
2.972675892345073012e-01
9.901036774564071774e-02
8.247785885635561254e-02
7.795349171214308037e-02
9.917320314029702544e-02
1.909657327296490348e-01
1.607238014745504817e-01
1.077252138449995567e-01
3.409065058589210717e-01
1.062995075614859147e-01
1.684523497190993091e-01
3.138391240153034500e-01
9.867776841131319088e-02
7.848205855975015632e-02
5.423331591445624822e-01
1.215870267730839449e-01
1.720962726363148565e-01
1.119244143361195903e-01
5.647459404596771870e-02
2.189859756390045986e-01
1.644603309693061233e-01
8.833178931514003296e-02
1.550795130613556727e-01
1.090953786017364868e-01
2.303320885364424642e-01
3.170182022157124746e-01
nan
5.608081296218499906e-02
4.098316068641925103e-01
1.985540351158106287e-01
9.530872786018364240e-02
1.486782636846808447e-01
9.796948044027269098e-02
1.028619923746607323e-01
6.062108504587034735e-02
9.048762682109506850e-02
9.891612219676357287e-02
8.585561681133883905e-02
2.196702644590977915e-01
8.975286383497628473e-02
1.918861612912224346e-01
1.376178424152321722e-01
1.248428542927060153e-01
1.849902997449065223e-01
2.586329498440603780e-01
nan
1.766407906607696532e-01
2.344892485148989125e-01
1.943853126467395553e-01
2.228633698638805283e-01
2.007685425316336758e-01
2.112366562923000401e-01
1.746088225299631813e-01
2.348902910449221781e-01
1.749701442724794220e-01
1.661445196223555743e-01
2.512941754424438678e-01
1.661245261526243799e-01
1.983184663593606789e-01
2.132887986788386259e-01
1.677514566986169631e-01
1.051391270937993283e-01
2.174970803905704742e-01
3.338117805391831450e-01
5.495257694211780342e-01
1.901646308823416731e-01
1.218807793553463303e-01
1.252350635517893163e-01
1.779857795041148993e-01
nan
1.482350443772216808e-01
2.456314847041254634e-01
