3.780186333781733188e-01
9.573506730500286332e-02
nan
3.303760683457021008e-01
8.535173592670932674e-01
2.170482830978048283e-01
4.772741145268254437e-01
1.725011890917859669e-01
1.186313977404903075e-01
-1.882797005071616681e-02
6.415888967115158936e-02
-1.807910339384485865e-02
-2.610251728340454158e-02
5.708707401392583147e-01
3.111235541723272185e-02
6.521077099427258217e-01
4.695647576282578339e-01
-1.964881800942837042e-01
1.775708658592034528e-01
3.831814469620781205e-01
3.298884487437074298e-01
4.693321703349869201e-01
2.033656662856714037e-01
1.090413445643581281e-01
4.840606709143179254e-01
-4.179990081830153165e-02
4.748118900111710644e-02
5.249915016774846233e-02
1.366076654009408010e-02
-1.334207647984338996e-01
3.186519140436566699e-01
2.383570632881787561e-03
1.859640638473614160e-01
-3.134245094062458881e-01
1.598019579711624782e-01
-7.243937236502140560e-03
-2.981340514311743572e-02
7.101334459666290566e-02
-4.218974787316203019e-03
-7.901928860678270050e-02
7.330284243119704335e-02
4.345632627368588297e-02
-7.888899980497320052e-02
7.017182744027902763e-02
-1.926318519581763852e-02
-8.839543348152482938e-02
1.784854213062337658e-01
-1.168209673234740092e-02
-5.478907088635156380e-02
-7.782994740175086523e-02
5.100964431889008777e-02
-3.625363378279906207e-02
-1.517539142278834068e-02
-2.938112295818594566e-01
1.106061212498533342e-01
-1.528440397828676744e-01
1.782835931060703094e-01
1.043380545830360079e-01
-5.463856678007958378e-03
9.498930071536609843e-02
1.395708484679363329e-03
2.764907157476663158e-01
-2.338969186109398496e-02
9.626152642771518275e-02
1.722183198457960807e-01
5.594462272409559400e-01
-9.362366758286540247e-02
2.363089421047848970e-01
2.725632044060577464e-02
7.280927425381987506e-02
2.765113948716460546e-02
-2.993653814465042085e-01
-1.095351594606995688e-01
-3.133562051845565910e-01
-3.911106840551407254e-02
-1.127442076975083834e-01
7.103702539143341710e-02
2.744109749076844088e-02
-5.134885117482949207e-02
-2.049347565046673592e-01
-3.986685518673126205e-02
-1.200938195274701553e-01
-1.932393548384310211e-01
-9.656601906533075763e-02
-1.158136064561746670e-01
-4.898581316217886367e-02
-6.815108359728098975e-02
-8.971737623616271584e-02
-7.401719175483056912e-02
-7.962545438111455487e-02
4.126678058545781708e-02
-2.470981978230802067e-01
-4.671011498519241772e-02
-4.103624269918099837e-02
-9.056811042692095026e-02
6.668417850005768921e-01
-1.247929343858455581e-01
-1.541535168554154789e-01
1.266564324776252304e-01
-8.727094821762729215e-02
-1.662578552990701120e-01
-1.669184270473108300e-01
-1.268496827531280235e-01
-4.929016767896565038e-02
-1.051610754619913130e-01
-1.974832171748717446e-01
6.630608291145792532e-02
-2.766368140376940232e-01
-1.484485581604877980e-01
2.172223223761485592e-02
-1.383772206919767689e-03
-1.280396990596957552e-01
-5.977958836403146625e-03
-8.132155841802106606e-04
-4.914798042171523995e-02
1.323817015859820867e-01
2.220243991395481550e-02
5.625940828038273472e-02
-3.662876759634662444e-02
5.482379229755115352e-02
1.439102130389308121e-02
4.686758257602625238e-02
-2.122154075165739728e-01
4.839535396606700624e-02
6.588875344671364653e-02
-9.416919588232781912e-02
2.844673649980467706e-02
-1.418278595736084391e-01
-1.980815434803847308e-01
-2.742949133460442224e-01
-1.320586484452296316e+00
-5.767151518573876423e-02
-1.884479119123416979e-01
-6.122318856982068500e-03
-3.972318788621279628e-01
3.481257173700433565e-03
-4.454763106062613331e-02
3.177628927293877498e-02
3.070778965177385980e-02
6.198985839252613150e-02
1.803944431968900960e-02
8.199864663994052560e-02
3.269429696870586322e-02
4.661345731820826233e-01
2.982056042954318031e-01
-9.565957820366072228e-02
1.884599529924858297e-01
3.237757072412452558e-02
-1.087887036260882720e-02
1.794256131921557681e-02
-9.507768506527489866e-03
7.475360116600099358e-02
1.187431164031207825e-01
-1.076089561113165345e-02
7.284354513597859904e-02
1.219349553730626340e-01
1.598480791031558490e-01
3.014787475512911707e-02
4.035531272837695332e-02
1.932208335438234323e-02
7.496480974808202025e-02
1.371764877449515099e-02
1.126935690364654422e-02
-8.194508128917257772e-02
-4.235097205150282207e-01
-1.036871904899551583e-01
1.579351378502362735e-01
-5.372942845556190339e-02
3.230814435382088623e-02
5.889167606225733514e-02
-1.459191800029268626e-01
-7.242434820368182091e-02
7.044672358251564959e-02
-3.721292210327513672e-01
-3.443295729707330777e-01
-1.762379464099562698e-01
-1.133143961779618514e-01
-2.526010835460228837e-02
-2.972675892345073012e-01
-2.289357860495254415e-02
2.549227118566199657e-03
-3.788300166420714016e-02
-3.906664349366813921e-02
8.867851965658050950e-02
-1.435631784006344003e-01
-2.417001378625112731e-02
2.895191200249060404e-01
-4.236156448571650607e-02
-1.161472214612578047e-01
1.774278714233938625e-01
-5.256280911625090674e-02
-5.678150850980896724e-03
-5.423331591445624822e-01
6.843843637232190904e-04
6.856975306466914222e-02
-9.671172425424172381e-02
2.566353651093683519e-02
-1.002924626358323579e-01
-1.164120397410928903e-01
-1.111315553264182431e-02
2.708157933244382393e-02
8.126162470150156969e-02
5.412751443715967808e-02
-1.180625492074996452e-01
nan
-9.837715990982246264e-03
-4.608939659950054830e-04
4.697260742473290118e-02
-3.695121735713427502e-02
5.794398576035629869e-04
4.818433511353961002e-02
-2.254883765347463417e-02
1.285385366274563413e-03
-7.625915511686245929e-02
-7.590622455858590800e-02
-6.198865894974889962e-02
-1.324008128793772443e-01
1.561110894245613424e-03
-1.322710020764713557e-01
-3.598150960139853693e-02
-3.390519721968413003e-02
-1.402255142100530816e-01
1.410530957671189342e-02
nan
-1.012074865251495481e-01
-7.835603386921763391e-02
-1.740748546337657909e-01
-1.469159768777083264e-01
-1.179857242309845511e-01
-1.703667432953273608e-02
-1.146330885623151746e-01
-1.743690324347235976e-01
-1.337132632002848154e-01
-8.229451518377903230e-02
-1.348163338226684715e-01
-7.893897533510217668e-02
-1.948577281615947732e-01
-1.191852910183535813e-01
-9.691017363628375014e-02
-4.265486596763251419e-03
-1.555763551029798741e-01
-3.202765161069114352e-01
-5.495257694211780342e-01
-1.521443763256601633e-01
1.145848580864771704e-01
-6.369544384542533133e-02
-5.013862748895427796e-02
nan
-5.436362678918027491e-02
-1.012458843570576694e-01
