76.244430542
103.879722595
70.4197692871
86.8781204224
69.3793640137
83.7945327759
86.2570419312
23.6183357239
129.940231323
56.462562561
89.044883728
48.1416511536
18.2876586914
51.2423362732
41.5804214478
56.0954208374
29.6377754211
0.0
18.8039855957
138.29258728
101.212234497
51.954044342
108.370895386
59.4792022705
106.566436768
5.60302686691
10.4097070694
0.272661477327
51.9275131226
22.7564544678
13.9906482697
136.003234863
70.6764755249
56.5727539062
13.5115594864
4.96045017242
27.0379505157
26.6543121338
128.827804565
42.0418014526
2.68762254715
70.1174621582
138.590484619
18.8747196198
4.13853359222
87.3107833862
60.0031394958
15.4070224762
134.790039062
133.873458862
16.4257965088
141.789840698
51.1233291626
113.938148499
29.4716796875
6.31449842453
11.24796772
86.236869812
26.4863834381
122.20224762
48.5033950806
52.168964386
50.6862983704
33.3220024109
127.916290283
83.9572906494
71.0262832642
3.2640349865
65.3410568237
17.8071918488
10.1821136475
33.3567657471
39.1516075134
66.6124343872
22.5403881073
74.9709854126
65.2075119019
24.1641330719
24.6980667114
0.177357986569
40.3465538025
95.9189834595
20.0626659393
4.35992860794
89.3906173706
63.5665016174
153.065872192
73.0692977905
6.3060336113
114.235877991
154.48815918
33.6202888489
130.54776001
79.0219421387
95.1435012817
60.6084403992
26.0386371613
34.6028709412
72.1580276489
1.78010833263
2.56547856331
21.1304092407
16.6958293915
1.3833990097
0.0
20.3482456207
0.0
0.0
2.53941106796
12.5077381134
1.4966853857
43.8709068298
150.990951538
83.1264953613
140.570083618
27.8704147339
41.5910568237
0.440606504679
49.5593147278
22.850276947
2.06358242035
61.9818649292
0.046496283263
36.759185791
11.3952741623
0.0
39.440952301
2.09692382812
10.2988615036
124.854995728
148.38381958
42.8695259094
31.1358013153
1.73091888428
31.7517318726
0.842292785645
8.48231220245
56.7943572998
18.5385780334
4.32756567001
24.5809288025
10.0935440063
136.33644104
15.2703990936
19.2939357758
101.972427368
65.0759658813
136.933395386
106.900657654
12.6660547256
75.9628601074
37.4926681519
56.5109825134
109.744430542
28.7883853912
110.382980347
32.8683013916
9.57998752594
18.9154376984
19.558631897
16.4409008026
41.3219184875
19.7845420837
0.895799279213
17.0392436981
12.9559011459
0.675101161003
9.11814308167
72.5802536011
147.764099121
32.5334281921
120.249816895
49.1817359924
56.7036628723
36.3273429871
18.368309021
5.89527416229
3.10472822189
0.161530986428
2.30105829239
10.4617481232
1.49276638031
0.0
0.0
0.919695496559
11.1110515594
6.81951284409
4.39981222153
7.51592111588
30.8694286346
13.9795837402
120.48589325
6.35352325439
115.081016541
88.4439315796
1.87461793423
9.15588665009
111.217483521
78.6353302002
28.8416175842
61.6718139648
67.8990402222
205.796020508
61.1391525269
2.62613868713
44.4368934631
80.7767181396
50.6024551392
9.22486877441
98.2492752075
152.827072144
48.1059951782
90.9418029785
57.7098274231
17.88539505
87.7379379272
41.5885696411
12.8047018051
98.75415802
178.088394165
14.2931222916
42.4044952393
112.944480896
80.982711792
23.826625824
20.8028316498
82.6233596802
0.516042172909
2.19330620766
50.7511825562
35.5531616211
0.0
5.86083221436
85.9697036743
157.820419312
90.3244247437
18.3023357391
154.016052246
109.276779175
5.4354467392
14.199054718
53.5281982422
0.0
134.990768433
103.578865051
0.0
71.2526016235
85.7105178833
93.9432678223
39.8751983643
