2.246999931335449219e+01 1.725000000000000000e+01 5.486999893188476562e+01
1.582699966430664062e+01 1.412500000000000000e+01 5.453599929809570312e+01
9.326000213623046875e+00 1.436299991607666016e+01 5.584700012207031250e+01
8.378000259399414062e+00 1.673999977111816406e+01 5.300999832153320312e+01
1.817399978637695312e+01 1.972400093078613281e+01 5.275299835205078125e+01
2.167399978637695312e+01 2.578700065612792969e+01 5.288999938964843750e+01
1.572500038146972656e+01 2.298500061035156250e+01 5.144300079345703125e+01
1.800000000000000000e+01 3.141099929809570312e+01 6.109099960327148438e+01
1.865200042724609375e+01 3.000099945068359375e+01 5.440800094604492188e+01
2.194700050354003906e+01 3.051000022888183594e+01 5.622200012207031250e+01
2.402400016784667969e+01 2.732500076293945312e+01 5.657600021362304688e+01
2.467799949645996094e+01 2.613699913024902344e+01 6.015200042724609375e+01
2.778400039672851562e+01 2.393899917602539062e+01 6.001499938964843750e+01
2.200200080871582031e+01 1.534399986267089844e+01 6.692299652099609375e+01
6.952000141143798828e+00 2.316200065612792969e+01 6.488800048828125000e+01
1.153199958801269531e+01 2.094799995422363281e+01 6.884300231933593750e+01
1.436900043487548828e+01 2.250499916076660156e+01 6.458300018310546875e+01
2.042300033569335938e+01 2.477499961853027344e+01 6.476399993896484375e+01
1.173900032043457031e+01 2.620499992370605469e+01 6.021799850463867188e+01
