1.909799957275390625e+01 3.140999984741210938e+01 7.359400177001953125e+01
1.538000011444091797e+01 3.464199829101562500e+01 7.333799743652343750e+01
1.451500034332275391e+01 3.387300109863281250e+01 6.970800018310546875e+01
1.125800037384033203e+01 3.785499954223632812e+01 6.952700042724609375e+01
8.736000061035156250e+00 3.564500045776367188e+01 6.770500183105468750e+01
6.339000225067138672e+00 4.008100128173828125e+01 6.655599975585937500e+01
2.990999937057495117e+00 3.834199905395507812e+01 6.705699920654296875e+01
4.138000011444091797e+00 3.529600143432617188e+01 6.506600189208984375e+01
3.733999967575073242e+00 3.154000091552734375e+01 6.572899627685546875e+01
2.042300033569335938e+01 2.477499961853027344e+01 6.476399993896484375e+01
2.517900085449218750e+01 2.943099975585937500e+01 6.948400115966796875e+01
2.163299942016601562e+01 2.814999961853027344e+01 6.892099761962890625e+01
1.913400077819824219e+01 2.944499969482421875e+01 6.636599731445312500e+01
1.542700004577636719e+01 2.879800033569335938e+01 6.584400177001953125e+01
1.464599990844726562e+01 2.732799911499023438e+01 6.241500091552734375e+01
1.173900032043457031e+01 2.620499992370605469e+01 6.021799850463867188e+01
9.168999671936035156e+00 2.860199928283691406e+01 6.168000030517578125e+01
4.168000221252441406e+00 2.375099945068359375e+01 5.904199981689453125e+01
9.850000143051147461e-01 2.576000022888183594e+01 5.858100128173828125e+01
1.276000022888183594e+00 2.544300079345703125e+01 5.477700042724609375e+01
