9.928999900817871094e+00 2.478499984741210938e+01 4.591500091552734375e+01
1.335299968719482422e+01 2.590699958801269531e+01 4.717599868774414062e+01
1.402000045776367188e+01 2.759900093078613281e+01 5.054399871826171875e+01
1.745700073242187500e+01 2.922900009155273438e+01 5.087200164794921875e+01
1.865200042724609375e+01 3.000099945068359375e+01 5.440800094604492188e+01
2.194700050354003906e+01 3.051000022888183594e+01 5.622200012207031250e+01
2.402400016784667969e+01 2.732500076293945312e+01 5.657600021362304688e+01
2.778400039672851562e+01 2.393899917602539062e+01 6.001499938964843750e+01
2.734199905395507812e+01 2.233499908447265625e+01 6.346599960327148438e+01
2.397299957275390625e+01 2.085700035095214844e+01 6.248199844360351562e+01
2.200200080871582031e+01 1.534399986267089844e+01 6.692299652099609375e+01
2.447400093078613281e+01 1.759600067138671875e+01 6.879699707031250000e+01
2.672999954223632812e+01 1.136800003051757812e+01 7.056999969482421875e+01
1.802799987792968750e+01 3.068499946594238281e+01 7.718599700927734375e+01
1.538000011444091797e+01 3.464199829101562500e+01 7.333799743652343750e+01
7.021999835968017578e+00 4.027199935913085938e+01 7.029799652099609375e+01
2.686700057983398438e+01 2.726600074768066406e+01 6.547899627685546875e+01
3.018600082397460938e+01 2.835000038146972656e+01 6.701399993896484375e+01
3.032600021362304688e+01 2.945299911499023438e+01 7.067600250244140625e+01
2.517900085449218750e+01 2.943099975585937500e+01 6.948400115966796875e+01
1.913400077819824219e+01 2.944499969482421875e+01 6.636599731445312500e+01
9.850000143051147461e-01 2.576000022888183594e+01 5.858100128173828125e+01
-1.564000010490417480e+00 2.042700004577636719e+01 5.275299835205078125e+01
-4.578999996185302734e+00 1.543799972534179688e+01 5.474300003051757812e+01
-3.446000099182128906e+00 1.353999996185302734e+01 5.784700012207031250e+01
9.838999748229980469e+00 3.688899993896484375e+01 7.786699676513671875e+01
1.116899967193603516e+01 3.201100158691406250e+01 8.023100280761718750e+01
1.416800022125244141e+01 3.390200042724609375e+01 7.882299804687500000e+01
