2.210300064086914062e+01 2.726499938964843750e+01 4.295999908447265625e+01
2.438100051879882812e+01 2.421800041198730469e+01 4.305799865722656250e+01
2.455100059509277344e+01 3.057099914550781250e+01 4.527799987792968750e+01
2.578100013732910156e+01 3.237200164794921875e+01 4.215800094604492188e+01
3.018700027465820312e+01 3.230500030517578125e+01 4.529499816894531250e+01
2.804100036621093750e+01 3.211700057983398438e+01 4.846200180053710938e+01
2.405299949645996094e+01 2.849099922180175781e+01 5.170999908447265625e+01
5.032999992370605469e+00 3.306600189208984375e+01 4.853699874877929688e+01
7.655000209808349609e+00 3.385800170898437500e+01 5.275199890136718750e+01
6.973000049591064453e+00 3.761299896240234375e+01 5.254999923706054688e+01
1.768400001525878906e+01 3.401200103759765625e+01 5.829000091552734375e+01
1.556299972534179688e+01 3.329000091552734375e+01 5.520500183105468750e+01
1.768499946594238281e+01 3.450699996948242188e+01 5.224700164794921875e+01
1.572000026702880859e+01 3.375000000000000000e+01 4.909099960327148438e+01
1.319699954986572266e+01 3.144300079345703125e+01 4.748899841308593750e+01
1.225000000000000000e+01 2.968600082397460938e+01 4.423400115966796875e+01
8.423999786376953125e+00 2.984099960327148438e+01 4.444400024414062500e+01
7.579999923706054688e+00 2.730699920654296875e+01 4.172800064086914062e+01
9.732999801635742188e+00 2.195299911499023438e+01 4.335699844360351562e+01
1.335299968719482422e+01 2.590699958801269531e+01 4.717599868774414062e+01
1.745700073242187500e+01 2.922900009155273438e+01 5.087200164794921875e+01
2.194700050354003906e+01 3.051000022888183594e+01 5.622200012207031250e+01
2.163299942016601562e+01 2.814999961853027344e+01 6.892099761962890625e+01
