2.210300064086914062e+01 2.726499938964843750e+01 4.295999908447265625e+01
2.438100051879882812e+01 2.421800041198730469e+01 4.305799865722656250e+01
2.359700012207031250e+01 2.139599990844726562e+01 4.550699996948242188e+01
2.676600074768066406e+01 1.989399909973144531e+01 4.694699859619140625e+01
2.627700042724609375e+01 1.786899948120117188e+01 5.013800048828125000e+01
2.302300071716308594e+01 1.625699996948242188e+01 5.124900054931640625e+01
2.246999931335449219e+01 1.725000000000000000e+01 5.486999893188476562e+01
1.929199981689453125e+01 1.529899978637695312e+01 5.546900177001953125e+01
1.582699966430664062e+01 1.412500000000000000e+01 5.453599929809570312e+01
1.288500022888183594e+01 1.551099967956542969e+01 5.646799850463867188e+01
9.326000213623046875e+00 1.436299991607666016e+01 5.584700012207031250e+01
8.378000259399414062e+00 1.673999977111816406e+01 5.300999832153320312e+01
1.171500015258789062e+01 1.730800056457519531e+01 5.126699829101562500e+01
1.550199985504150391e+01 1.734000015258789062e+01 5.156399917602539062e+01
1.817399978637695312e+01 1.972400093078613281e+01 5.275299835205078125e+01
2.154500007629394531e+01 2.033799934387207031e+01 5.109199905395507812e+01
2.461199951171875000e+01 2.243799972534179688e+01 5.170399856567382812e+01
2.526600074768066406e+01 2.437800025939941406e+01 4.851499938964843750e+01
2.634300041198730469e+01 2.748800086975097656e+01 4.664400100708007812e+01
2.455100059509277344e+01 3.057099914550781250e+01 4.527799987792968750e+01
2.578100013732910156e+01 3.237200164794921875e+01 4.215800094604492188e+01
2.889900016784667969e+01 3.021699905395507812e+01 4.239599990844726562e+01
3.018700027465820312e+01 3.230500030517578125e+01 4.529499816894531250e+01
2.804100036621093750e+01 3.211700057983398438e+01 4.846200180053710938e+01
2.769599914550781250e+01 2.916500091552734375e+01 5.083000183105468750e+01
2.405299949645996094e+01 2.849099922180175781e+01 5.170999908447265625e+01
2.167399978637695312e+01 2.578700065612792969e+01 5.288999938964843750e+01
1.896199989318847656e+01 2.473200035095214844e+01 5.043700027465820312e+01
1.572500038146972656e+01 2.298500061035156250e+01 5.144300079345703125e+01
1.366800022125244141e+01 2.133099937438964844e+01 4.871699905395507812e+01
9.925999641418457031e+00 2.062199974060058594e+01 4.898500061035156250e+01
8.406999588012695312e+00 1.768000030517578125e+01 4.711700057983398438e+01
5.751999855041503906e+00 1.878599929809570312e+01 4.461600112915039062e+01
2.250999927520751953e+00 1.870299911499023438e+01 4.608399963378906250e+01
3.428999900817871094e+00 1.964699935913085938e+01 4.959500122070312500e+01
2.065999984741210938e+00 2.318700027465820312e+01 4.965700149536132812e+01
8.009999990463256836e-01 2.569700050354003906e+01 4.710400009155273438e+01
3.516000032424926758e+00 2.806599998474121094e+01 4.576800155639648438e+01
1.095999956130981445e+00 3.102700042724609375e+01 4.593700027465820312e+01
3.300000131130218506e-01 3.057500076293945312e+01 4.964599990844726562e+01
4.007999897003173828e+00 2.977099990844726562e+01 5.017100143432617188e+01
5.032999992370605469e+00 3.306600189208984375e+01 4.853699874877929688e+01
2.645999908447265625e+00 3.505699920654296875e+01 5.071599960327148438e+01
4.013000011444091797e+00 3.344900131225585938e+01 5.386800003051757812e+01
7.655000209808349609e+00 3.385800170898437500e+01 5.275199890136718750e+01
6.973000049591064453e+00 3.761299896240234375e+01 5.254999923706054688e+01
6.109000205993652344e+00 3.764899826049804688e+01 5.626300048828125000e+01
8.994000434875488281e+00 3.543700027465820312e+01 5.739400100708007812e+01
1.130900001525878906e+01 3.764699935913085938e+01 5.533100128173828125e+01
1.065499973297119141e+01 4.055599975585937500e+01 5.771500015258789062e+01
1.171899986267089844e+01 3.852999877929687500e+01 6.078900146484375000e+01
1.530900001525878906e+01 3.938000106811523438e+01 6.176100158691406250e+01
1.694000053405761719e+01 3.837799835205078125e+01 6.502600097656250000e+01
2.032999992370605469e+01 3.693700027465820312e+01 6.600800323486328125e+01
1.867700004577636719e+01 3.376300048828125000e+01 6.737599945068359375e+01
1.660499954223632812e+01 3.309299850463867188e+01 6.424099731445312500e+01
1.800000000000000000e+01 3.141099929809570312e+01 6.109099960327148438e+01
1.768400001525878906e+01 3.401200103759765625e+01 5.829000091552734375e+01
1.556299972534179688e+01 3.329000091552734375e+01 5.520500183105468750e+01
1.768499946594238281e+01 3.450699996948242188e+01 5.224700164794921875e+01
1.572000026702880859e+01 3.375000000000000000e+01 4.909099960327148438e+01
1.319699954986572266e+01 3.144300079345703125e+01 4.748899841308593750e+01
1.225000000000000000e+01 2.968600082397460938e+01 4.423400115966796875e+01
8.423999786376953125e+00 2.984099960327148438e+01 4.444400024414062500e+01
7.579999923706054688e+00 2.730699920654296875e+01 4.172800064086914062e+01
7.500999927520751953e+00 2.356200027465820312e+01 4.230500030517578125e+01
9.732999801635742188e+00 2.195299911499023438e+01 4.335699844360351562e+01
9.928999900817871094e+00 2.478499984741210938e+01 4.591500091552734375e+01
1.335299968719482422e+01 2.590699958801269531e+01 4.717599868774414062e+01
1.402000045776367188e+01 2.759900093078613281e+01 5.054399871826171875e+01
1.745700073242187500e+01 2.922900009155273438e+01 5.087200164794921875e+01
1.865200042724609375e+01 3.000099945068359375e+01 5.440800094604492188e+01
2.194700050354003906e+01 3.051000022888183594e+01 5.622200012207031250e+01
2.402400016784667969e+01 2.732500076293945312e+01 5.657600021362304688e+01
2.467799949645996094e+01 2.613699913024902344e+01 6.015200042724609375e+01
2.778400039672851562e+01 2.393899917602539062e+01 6.001499938964843750e+01
2.734199905395507812e+01 2.233499908447265625e+01 6.346599960327148438e+01
2.397299957275390625e+01 2.085700035095214844e+01 6.248199844360351562e+01
2.081200027465820312e+01 2.037400054931640625e+01 6.457399749755859375e+01
2.057999992370605469e+01 2.052300071716308594e+01 6.838300323486328125e+01
1.901199913024902344e+01 1.705800056457519531e+01 6.855100250244140625e+01
2.200200080871582031e+01 1.534399986267089844e+01 6.692299652099609375e+01
2.447400093078613281e+01 1.759600067138671875e+01 6.879699707031250000e+01
2.273100090026855469e+01 1.645899963378906250e+01 7.199099731445312500e+01
2.328300094604492188e+01 1.277799987792968750e+01 7.124900054931640625e+01
2.672999954223632812e+01 1.136800003051757812e+01 7.056999969482421875e+01
3.016200065612792969e+01 1.265499973297119141e+01 7.149600219726562500e+01
2.961599922180175781e+01 1.637000083923339844e+01 7.082900238037109375e+01
2.744099998474121094e+01 1.642900085449218750e+01 7.393000030517578125e+01
2.935499954223632812e+01 1.410299968719482422e+01 7.625599670410156250e+01
3.084099960327148438e+01 1.657799911499023438e+01 7.874099731445312500e+01
2.786100006103515625e+01 1.891500091552734375e+01 7.834899902343750000e+01
2.692799949645996094e+01 2.014299964904785156e+01 8.181500244140625000e+01
2.381599998474121094e+01 2.188199996948242188e+01 8.321600341796875000e+01
2.515800094604492188e+01 2.543400001525878906e+01 8.278900146484375000e+01
2.568400001525878906e+01 2.482999992370605469e+01 7.906099700927734375e+01
2.229800033569335938e+01 2.325699996948242188e+01 7.846099853515625000e+01
2.052499961853027344e+01 2.604999923706054688e+01 8.034500122070312500e+01
2.233799934387207031e+01 2.870800018310546875e+01 7.827100372314453125e+01
2.120299911499023438e+01 2.700200080871582031e+01 7.502899932861328125e+01
1.764399909973144531e+01 2.697599983215332031e+01 7.638500213623046875e+01
1.802799987792968750e+01 3.068499946594238281e+01 7.718599700927734375e+01
1.909799957275390625e+01 3.140999984741210938e+01 7.359400177001953125e+01
1.611100006103515625e+01 2.948399925231933594e+01 7.229199981689453125e+01
1.374100017547607422e+01 3.141900062561035156e+01 7.459100341796875000e+01
1.538000011444091797e+01 3.464199829101562500e+01 7.333799743652343750e+01
1.451500034332275391e+01 3.387300109863281250e+01 6.970800018310546875e+01
1.101099967956542969e+01 3.273600006103515625e+01 7.064900207519531250e+01
1.048499965667724609e+01 3.589699935913085938e+01 7.270300292968750000e+01
1.125800037384033203e+01 3.785499954223632812e+01 6.952700042724609375e+01
8.736000061035156250e+00 3.564500045776367188e+01 6.770500183105468750e+01
6.337999820709228516e+00 3.649700164794921875e+01 7.055100250244140625e+01
7.021999835968017578e+00 4.027199935913085938e+01 7.029799652099609375e+01
6.339000225067138672e+00 4.008100128173828125e+01 6.655599975585937500e+01
2.990999937057495117e+00 3.834199905395507812e+01 6.705699920654296875e+01
4.138000011444091797e+00 3.529600143432617188e+01 6.506600189208984375e+01
3.733999967575073242e+00 3.154000091552734375e+01 6.572899627685546875e+01
6.340000152587890625e+00 2.881100082397460938e+01 6.513999938964843750e+01
4.080999851226806641e+00 2.570100021362304688e+01 6.495400238037109375e+01
6.952000141143798828e+00 2.316200065612792969e+01 6.488800048828125000e+01
9.279999732971191406e+00 2.388599967956542969e+01 6.778700256347656250e+01
1.153199958801269531e+01 2.094799995422363281e+01 6.884300231933593750e+01
1.528800010681152344e+01 2.021400070190429688e+01 6.915499877929687500e+01
1.535299968719482422e+01 1.895199966430664062e+01 6.555899810791015625e+01
1.436900043487548828e+01 2.250499916076660156e+01 6.458300018310546875e+01
1.707399940490722656e+01 2.430900001525878906e+01 6.655999755859375000e+01
2.042300033569335938e+01 2.477499961853027344e+01 6.476399993896484375e+01
2.390600013732910156e+01 2.503499984741210938e+01 6.627799987792968750e+01
2.686700057983398438e+01 2.726600074768066406e+01 6.547899627685546875e+01
3.018600082397460938e+01 2.835000038146972656e+01 6.701399993896484375e+01
3.032600021362304688e+01 2.945299911499023438e+01 7.067600250244140625e+01
2.743199920654296875e+01 2.704800033569335938e+01 7.139800262451171875e+01
2.517900085449218750e+01 2.943099975585937500e+01 6.948400115966796875e+01
2.163299942016601562e+01 2.814999961853027344e+01 6.892099761962890625e+01
1.913400077819824219e+01 2.944499969482421875e+01 6.636599731445312500e+01
1.542700004577636719e+01 2.879800033569335938e+01 6.584400177001953125e+01
1.464599990844726562e+01 2.732799911499023438e+01 6.241500091552734375e+01
1.173900032043457031e+01 2.620499992370605469e+01 6.021799850463867188e+01
9.168999671936035156e+00 2.860199928283691406e+01 6.168000030517578125e+01
5.824999809265136719e+00 2.920800018310546875e+01 5.996400070190429688e+01
6.109000205993652344e+00 2.653700065612792969e+01 5.725999832153320312e+01
4.168000221252441406e+00 2.375099945068359375e+01 5.904199981689453125e+01
9.850000143051147461e-01 2.576000022888183594e+01 5.858100128173828125e+01
1.276000022888183594e+00 2.544300079345703125e+01 5.477700042724609375e+01
1.480000019073486328e+00 2.161700057983398438e+01 5.469100189208984375e+01
-1.564000010490417480e+00 2.042700004577636719e+01 5.275299835205078125e+01
-1.141000032424926758e+00 1.674500083923339844e+01 5.372800064086914062e+01
-4.578999996185302734e+00 1.543799972534179688e+01 5.474300003051757812e+01
-3.446000099182128906e+00 1.353999996185302734e+01 5.784700012207031250e+01
-9.729999899864196777e-01 1.620400047302246094e+01 5.889300155639648438e+01
-3.655999898910522461e+00 1.887800025939941406e+01 5.848300170898437500e+01
-5.807000160217285156e+00 1.690399932861328125e+01 6.092499923706054688e+01
-2.894000053405761719e+00 1.674600028991699219e+01 6.339699935913085938e+01
-2.618999958038330078e+00 1.304500007629394531e+01 6.258599853515625000e+01
-2.230000048875808716e-01 1.074300003051757812e+01 6.079199981689453125e+01
3.298000097274780273e+00 9.428999900817871094e+00 6.108000183105468750e+01
4.366000175476074219e+00 1.285499954223632812e+01 5.981000137329101562e+01
2.808000087738037109e+00 1.493200016021728516e+01 6.259000015258789062e+01
4.923999786376953125e+00 1.571300029754638672e+01 6.573500061035156250e+01
2.181999921798706055e+00 1.495499992370605469e+01 6.826200103759765625e+01
4.710999965667724609e+00 1.455500030517578125e+01 7.110099792480468750e+01
5.532999992370605469e+00 1.828599929809570312e+01 7.096900177001953125e+01
1.978000044822692871e+00 1.951000022888183594e+01 7.029499816894531250e+01
-2.259999960660934448e-01 2.118400001525878906e+01 7.293599700927734375e+01
-3.595999956130981445e+00 1.942700004577636719e+01 7.336499786376953125e+01
-5.715000152587890625e+00 2.239699935913085938e+01 7.221800231933593750e+01
-3.628999948501586914e+00 2.261800003051757812e+01 6.902400207519531250e+01
-4.034999847412109375e+00 1.890099906921386719e+01 6.828399658203125000e+01
-7.718999862670898438e+00 1.870000076293945312e+01 6.926899719238281250e+01
-9.027000427246093750e+00 2.197800064086914062e+01 6.786900329589843750e+01
-6.191999912261962891e+00 2.321500015258789062e+01 6.571800231933593750e+01
-5.647999763488769531e+00 2.620299911499023438e+01 6.803399658203125000e+01
-1.995000004768371582e+00 2.699300003051757812e+01 6.728800201416015625e+01
-7.969999909400939941e-01 3.008699989318847656e+01 6.919799804687500000e+01
2.378000020980834961e+00 3.138299942016601562e+01 7.089399719238281250e+01
1.009999990463256836e+00 2.950399971008300781e+01 7.392600250244140625e+01
1.052000045776367188e+00 2.615900039672851562e+01 7.214499664306640625e+01
4.669000148773193359e+00 2.701499938964843750e+01 7.120300292968750000e+01
5.341000080108642578e+00 2.752400016784667969e+01 7.493399810791015625e+01
4.038000106811523438e+00 2.397500038146972656e+01 7.550900268554687500e+01
6.441999912261962891e+00 2.278000068664550781e+01 7.274400329589843750e+01
9.336999893188476562e+00 2.458099937438964844e+01 7.448500061035156250e+01
8.612999916076660156e+00 2.259799957275390625e+01 7.766400146484375000e+01
8.930000305175781250e+00 1.934700012207031250e+01 7.571700286865234375e+01
1.215200042724609375e+01 2.064999961853027344e+01 7.409999847412109375e+01
1.338099956512451172e+01 2.124300003051757812e+01 7.764800262451171875e+01
1.314299964904785156e+01 1.747500038146972656e+01 7.828199768066406250e+01
1.526200008392333984e+01 1.665999984741210938e+01 7.520099639892578125e+01
1.790900039672851562e+01 1.908099937438964844e+01 7.648100280761718750e+01
1.811400032043457031e+01 1.732799911499023438e+01 7.987100219726562500e+01
1.807999992370605469e+01 1.377999973297119141e+01 7.845500183105468750e+01
2.072900009155273438e+01 1.400300025939941406e+01 7.571900177001953125e+01
1.807900047302246094e+01 1.414599990844726562e+01 7.301300048828125000e+01
1.596599960327148438e+01 1.126700019836425781e+01 7.432299804687500000e+01
1.256000041961669922e+01 1.105399990081787109e+01 7.260199737548828125e+01
9.612000465393066406e+00 1.243400001525878906e+01 7.465100097656250000e+01
7.204999923706054688e+00 9.970999717712402344e+00 7.635600280761718750e+01
9.770999908447265625e+00 7.093999862670898438e+00 7.594999694824218750e+01
7.330999851226806641e+00 4.209000110626220703e+00 7.631800079345703125e+01
4.356999874114990234e+00 5.703999996185302734e+00 7.447100067138671875e+01
3.480999946594238281e+00 5.335000038146972656e+00 7.081500244140625000e+01
2.309999942779541016e+00 8.411999702453613281e+00 6.889800262451171875e+01
-1.284000039100646973e+00 7.157000064849853516e+00 6.864399719238281250e+01
-1.769000053405761719e+00 7.126999855041503906e+00 7.244300079345703125e+01
-1.000000047497451305e-03 1.035200023651123047e+01 7.351100158691406250e+01
-2.891999959945678711e+00 1.281499958038330078e+01 7.303700256347656250e+01
-5.392000198364257812e+00 1.075500011444091797e+01 7.504499816894531250e+01
-2.911999940872192383e+00 1.034399986267089844e+01 7.790599822998046875e+01
-2.046000003814697266e+00 1.405799961090087891e+01 7.805200195312500000e+01
-5.723999977111816406e+00 1.500000000000000000e+01 7.779499816894531250e+01
-6.401999950408935547e+00 1.292599964141845703e+01 8.090699768066406250e+01
-3.676000118255615234e+00 1.489099979400634766e+01 8.267800140380859375e+01
-5.600000023841857910e-01 1.278800010681152344e+01 8.215000152587890625e+01
2.723000049591064453e+00 1.470499992370605469e+01 8.203700256347656250e+01
6.278999805450439453e+00 1.343700027465820312e+01 8.177300262451171875e+01
7.993999958038330078e+00 1.306599998474121094e+01 8.518499755859375000e+01
1.120499992370605469e+01 1.485200023651123047e+01 8.615000152587890625e+01
1.400199985504150391e+01 1.344600009918212891e+01 8.398400115966796875e+01
1.676799964904785156e+01 1.152700042724609375e+01 8.574600219726562500e+01
1.947900009155273438e+01 1.401399993896484375e+01 8.675599670410156250e+01
1.727499961853027344e+01 1.701199913024902344e+01 8.594999694824218750e+01
1.681399917602539062e+01 1.940299987792968750e+01 8.889499664306640625e+01
1.322999954223632812e+01 1.953499984741210938e+01 9.021600341796875000e+01
1.333300018310546875e+01 2.331800079345703125e+01 8.983699798583984375e+01
1.373900032043457031e+01 2.290500068664550781e+01 8.607099914550781250e+01
1.108500003814697266e+01 2.020199966430664062e+01 8.597499847412109375e+01
8.774999618530273438e+00 2.268899917602539062e+01 8.767700195312500000e+01
9.354999542236328125e+00 2.514299964904785156e+01 8.479000091552734375e+01
8.395999908447265625e+00 2.242099952697753906e+01 8.229000091552734375e+01
5.181000232696533203e+00 2.174799919128417969e+01 8.422499847412109375e+01
4.277999877929687500e+00 2.544599914550781250e+01 8.399400329589843750e+01
4.699999809265136719e+00 2.522200012207031250e+01 8.020999908447265625e+01
2.371999979019165039e+00 2.220899963378906250e+01 8.018000030517578125e+01
-5.699999928474426270e-01 2.378599929809570312e+01 8.202999877929687500e+01
-3.979000091552734375e+00 2.275499916076660156e+01 8.066999816894531250e+01
-4.975999832153320312e+00 2.644599914550781250e+01 8.031700134277343750e+01
-2.914999961853027344e+00 2.806500053405761719e+01 7.754399871826171875e+01
-3.128999948501586914e+00 3.154999923706054688e+01 7.904900360107421875e+01
-1.809999942779541016e+00 3.020700073242187500e+01 8.237400054931640625e+01
1.399000048637390137e+00 2.915500068664550781e+01 8.059100341796875000e+01
4.376999855041503906e+00 3.153100013732910156e+01 8.095899963378906250e+01
5.484000205993652344e+00 3.397700119018554688e+01 7.827799987792968750e+01
8.741000175476074219e+00 3.357300186157226562e+01 7.636699676513671875e+01
9.838999748229980469e+00 3.688899993896484375e+01 7.786699676513671875e+01
9.519000053405761719e+00 3.527199935913085938e+01 8.130000305175781250e+01
1.116899967193603516e+01 3.201100158691406250e+01 8.023100280761718750e+01
1.416800022125244141e+01 3.390200042724609375e+01 7.882299804687500000e+01
1.470400047302246094e+01 3.591099929809570312e+01 8.203600311279296875e+01
1.423299980163574219e+01 3.282699966430664062e+01 8.426399993896484375e+01
1.675099945068359375e+01 3.074799919128417969e+01 8.230500030517578125e+01
