-4.146134209728036812e-01
-3.503383332107463111e-01
nan
1.461313805439200308e+00
1.628466012877750391e+00
9.957312791097309157e-01
5.303626483681094239e-01
-1.488195618757186756e+00
-5.781500316916370341e-01
-1.622396165509592647e+00
-9.584458261000693424e-01
-1.496444319752412211e+00
-1.426100016655328373e+00
1.188408387584480641e+00
-1.391936617961783806e+00
1.971595612657511820e+00
1.262408559157905397e-01
-8.217784659001211578e-01
1.000806679146562794e-01
5.708000465362685905e-01
3.763064070215593193e-01
3.245102198883039746e-01
3.988161480405328363e-01
1.379460295989291263e-01
3.852537136086893466e-02
-3.175657167372710199e-01
-1.516175815495800050e+00
-5.101773130118951727e-01
-1.551327090875195269e+00
-1.988457232642648342e-01
-2.800939651776663264e-01
-1.050747894429625351e+00
2.450815148434097035e-01
8.357209271964134364e-03
-9.998962087544838173e-02
-1.284819720163314027e+00
-8.550262517117369621e-01
2.857592759755389622e-01
2.838071788969882131e-02
7.590517693426770962e-02
-1.464396777417074746e+00
-9.733600487216566011e-01
-3.052859934531509944e-01
-1.605667793661712306e+00
-1.315541172024716321e+00
-2.467754838686748720e-01
-9.846061335170699369e-01
-1.333022469652801689e+00
-1.123052154990628049e+00
2.396815730288871238e-01
-1.285473426216824810e+00
2.016730023234489522e-01
-1.260316582365504701e+00
2.720838038647638291e-01
-9.481189345336807003e-03
-5.546654532662075310e-01
5.080568617982227780e-02
1.445995455006233166e-01
-1.420184122537802240e+00
1.970516318020997526e-01
-2.098576233708338012e-01
-3.606080740572236709e-01
-7.647629398555705338e-01
-9.089990961891611931e-01
2.034512085538745796e-01
1.115527674884064346e+00
-1.215858747789547500e+00
-6.082355923375872830e-01
-3.410299226639399439e-01
-1.314936431669972761e+00
-1.167508223061243466e+00
1.009165550805261463e-01
-1.014001578995155750e+00
1.376288915532362767e+00
-7.341438207092447765e-01
4.507890808118875658e-01
1.024047575088982143e-01
-7.799076046842550181e-01
-9.370804662391499784e-01
-4.671271735804756187e-01
7.037914774513627236e-01
-4.855204790695962780e-01
-2.811790987570043643e-01
-7.920296791227429134e-01
6.697390591452404007e-02
-1.942300816202789382e-01
3.613044230998378459e-01
1.321818851911823467e-01
6.126480394557119735e-03
5.542641094130082990e-01
-3.592370302443569363e-01
2.797522217815573073e-02
-6.050393947557467511e-01
-7.047364994313651820e-01
-5.151766228926183411e-01
3.509853682891643789e-01
-3.747894569317830604e-01
-3.479038224051841932e-01
8.708471040090007831e-01
-6.425850289239587454e-01
-8.748460747432604823e-01
-1.467912700310673446e-01
-3.815132952275702150e-01
-1.087549114777661252e+00
-8.407090224656477151e-01
2.066452142139324488e-01
-1.479485291358401788e+00
-3.686307298465493765e-01
7.659080593102790546e-01
-6.966383097381149136e-01
-8.968994248776764877e-01
2.977392780376145520e+00
1.933662532303636605e-01
-8.644307516268963099e-01
-2.162410218883582536e-01
-3.412543798834193343e-01
-1.193470042580681678e+00
-1.496357669242853738e+00
-1.358548176317099898e+00
-1.588161242235955006e+00
-1.446920966734938752e+00
-1.424064809759563621e+00
-6.377308248681583525e-01
-7.226807482561603546e-01
-1.646938281402304138e+00
-1.089398146957323066e+00
-1.091499852333811527e+00
-1.093652818349264644e+00
-2.832470955649438737e-01
7.173854900911038612e-01
1.176070722802246005e-01
-7.751235458747678109e-02
1.408186076263344133e-01
-7.745966545599286546e-01
-3.274300650955021263e-02
-1.299143054659077867e+00
-1.300519472849287927e+00
-1.536198236535303741e+00
-1.531776525071421702e+00
-1.627773631535814225e+00
-1.465819211382699105e+00
-1.451409803277446509e+00
-1.450599476304659019e+00
4.357635875084219235e-01
-8.593656679407124521e-01
-4.222744019889684841e-01
-6.377529183988372985e-01
-5.566950254008132815e-01
-3.543487336891882888e-01
-1.506197899061538337e+00
-2.508835132644066657e-01
-1.214805272737940367e+00
-4.819583977908384886e-01
-1.137078510106013240e-01
-1.018378979259546790e+00
-8.432522257096635165e-01
-2.506031007761613250e-01
-1.393822008431928161e+00
-1.622343334344398258e+00
-8.708246147157997497e-01
-1.325656283958634551e+00
-1.524462191618188855e+00
-1.544152192491426323e+00
-8.801879666548153569e-01
1.303342951749280818e-03
-1.405427992110537261e+00
-1.319375178881880828e+00
-7.221722406277883977e-01
-3.188525533821549574e-01
-4.777147405810633352e-01
-6.336429759306734244e-01
-5.809215719858015214e-01
-1.090668340649660895e+00
2.951340171053502548e-01
1.446793501138938565e+00
1.596422040708627421e-01
-1.234104016930946068e+00
-1.422556183280834441e+00
-9.686861511751661269e-02
-1.341149633424474352e+00
-1.276198018038779081e+00
-1.151613273041265595e+00
-1.498812152222360750e+00
-1.020573196630472079e+00
-8.800141100846797793e-01
-1.001341463334356252e+00
-4.662280399868679037e-01
-1.585300793722060231e+00
-7.010275737991190637e-01
-7.166312761871980186e-01
-3.741186021729858702e-01
-4.145718078613571667e-01
-5.546537625753189538e-01
-4.283695130089045233e-01
3.996523700971924553e-01
-1.275929015949184508e+00
-1.590894313628306023e+00
-4.555913666595106104e-01
2.679094135538374610e-01
-6.593185935102988671e-01
2.676558786576575810e-02
-1.080787238603363676e+00
4.086951667671249316e-02
-1.988579590585312917e-01
nan
-7.968072250335554996e-01
-2.208687569326998057e-01
3.357776446304607254e-01
-6.073371180381584855e-01
-2.047037393186283138e-01
-2.153587835773534409e-01
-9.509642486844699372e-01
-8.201190350864606682e-01
-4.603452216342033831e-01
-8.173737283465142278e-01
-3.105837840993668220e-01
1.483625668330751102e-01
-4.377713134206441259e-01
1.910618076832598933e-01
-1.902426118358219731e-01
-6.504462844097502749e-01
-6.701134673090598515e-01
1.070157016714968212e-01
nan
-7.089367965937615201e-01
-3.503209593072910133e-01
5.852297772522420116e-01
-9.688461305179370264e-02
-3.871746497842722401e-01
7.699826440990527321e-02
8.266574419314284827e-02
-5.522444685044828327e-01
-8.336826223173631201e-01
-2.913426020437214631e-02
1.253584016065321660e-01
2.220074917794336300e-01
4.791592508496737568e-01
1.570981884684156393e-01
4.010696439673621105e-01
-1.576837211498290259e+00
-5.337000425634478296e-01
7.599807287243562914e-01
3.445409449692370396e-01
2.344068768920856416e-01
1.818592171229959920e-01
-7.406715189075572248e-01
1.384621402844950500e-01
nan
-5.761040816890076188e-01
-3.930638408234727321e-01
