3.351216521241933699e-01
1.160600636814280023e-01
nan
1.922072640070767446e-01
5.819215931887181670e-01
1.321733374704945063e-01
3.571859987009984860e-01
2.392740269657515628e-01
1.464726464750354396e-01
1.008937572174542774e-01
1.265066328898215853e-01
9.431077085646789870e-02
8.419233475405459022e-02
3.912305851328040096e-01
1.259124153903569132e-01
4.087351035620924722e-01
3.742583312467128165e-01
-8.015624720715833207e-02
1.529237916398191732e-01
2.830869241994321550e-01
2.534668691477735547e-01
3.628185433030648444e-01
1.556387215765666077e-01
9.847805166047582381e-02
3.903026669058957121e-01
9.245555610311005645e-03
1.454606339504617429e-01
9.214607680079797691e-02
1.216489709773199285e-01
-6.741397435248838721e-02
2.821778002621049275e-01
8.460892857125594524e-02
1.510921529792137175e-01
-2.165445731138551100e-01
1.507289379075937574e-01
9.055816691786430783e-02
4.892183639047435056e-02
6.106264741033610999e-02
1.827275188055512214e-02
-4.150689541323272086e-02
1.622239295578503937e-01
1.115556813012842652e-01
-1.975465861371876811e-02
1.678592739968360892e-01
8.313135122199073745e-02
-3.033259168163697159e-02
2.152351855781666767e-01
8.990946994714341112e-02
4.508759106099606562e-02
-4.990230473990396598e-02
1.350486032453070140e-01
-1.601642086904113416e-02
8.311382233848674250e-02
-2.165581503290030518e-01
1.080464453514090040e-01
-6.202423533956786389e-02
1.562666420076044838e-01
9.451103155594403615e-02
9.960565444909826038e-02
8.439756073719853480e-02
3.608997588301597614e-02
2.545780382413703191e-01
4.869654193185308372e-02
1.481954285867189969e-01
1.429675042627666093e-01
3.866523854699403517e-01
2.072460880940131533e-02
2.379813230093006937e-01
6.327519101371943677e-02
1.533574872390184862e-01
1.105229489548146260e-01
-2.110737048730090548e-01
-2.883548265351643103e-03
-2.941951156901569941e-01
3.496030189722408588e-02
-8.853692029217487269e-02
7.149581040593670778e-02
8.834577643294204419e-02
3.714906708773853955e-02
-1.067470969894955685e-01
-4.729552058264864522e-02
-4.096018867972346655e-02
-1.083847508715833768e-01
-5.595474625014827674e-03
-6.907731343059826667e-02
-3.243851337298919550e-03
-4.942491085670661782e-02
-5.286729284232485199e-02
-3.372615428836324425e-02
-6.914169718489536487e-02
7.500079100513422359e-02
-1.670453321469365371e-01
2.182794744636057035e-02
3.182077658600144382e-02
-1.674456339274299488e-02
5.120342472275251078e-01
-5.083594044011724433e-02
-7.476818428479894973e-02
7.028912236859508056e-02
-6.991315661902287003e-03
-5.407308758887057615e-02
-9.593288863540495870e-02
-5.202351058210007845e-02
4.726712344568140267e-02
-9.389227343174136667e-03
-1.393331409153973355e-01
1.577417761854053579e-01
-1.670578283037682799e-01
-1.336826202677441899e-01
7.925176252953788913e-02
7.299501031851306221e-02
-2.437276539643380979e-01
7.558792994490621739e-03
7.158608302041293003e-02
-2.117313064499075359e-03
1.435091115608189694e-01
1.078397567159968262e-01
1.510335616903728806e-01
7.232260470461518431e-02
1.551527643340966656e-01
1.162756441499072507e-01
1.397602067251930147e-01
-1.026121569524678229e-01
1.010853091903388817e-01
1.669351492906656076e-01
1.312497092178613149e-02
1.068125632270889025e-01
-2.300167364458364713e-02
-1.119623561872774148e-01
-2.269597357988745179e-01
-9.913155261594024381e-01
-1.650183044991091613e-02
-1.286991494295684491e-01
6.243185780364689935e-02
-2.781633538596516853e-01
9.955617078799641750e-02
6.298351439729697743e-02
1.346135602911710527e-01
1.335470216998621285e-01
1.628712925805839984e-01
1.201332330421436279e-01
1.681219976368079905e-01
1.304518229657459782e-01
3.540589287883620373e-01
2.994796105967021393e-01
-2.590698970814431235e-02
2.031444364549020720e-01
7.943364799727346826e-02
3.493077850876688539e-02
1.223529334324549162e-01
3.009992823263128031e-02
1.491534497558954508e-01
1.410939227280128827e-01
2.135167379472514837e-02
1.365382775296486717e-01
1.640521989000109926e-01
1.593194349324070225e-01
1.252835161584638368e-01
1.460535150262900206e-01
8.731451897000755413e-02
1.556112963071062671e-01
1.201663701322403660e-01
1.194165304909296232e-01
1.056941976418021567e-02
-3.001499087156887513e-01
2.381324265276795610e-02
2.185691618410146031e-01
2.312501038698096256e-02
6.587049570505351670e-02
9.518024037509542623e-02
-5.225371276955192990e-02
8.354525434474902252e-04
1.388155179285270324e-01
-2.776319258525877798e-01
-3.218357644720662991e-01
-1.204509629542491328e-01
6.735001819718177025e-03
8.463387647337911046e-02
-1.982380828651199578e-01
8.181563647275758022e-02
9.754159112108538865e-02
5.961096929409020334e-02
7.842968059300843564e-02
1.487465836280260079e-01
-3.646122123457971875e-02
6.153945525506410164e-02
2.705195466724922837e-01
8.082814350740022413e-02
-2.570708405121524542e-02
1.992063855236524961e-01
4.244756310542658131e-03
4.232030026833649705e-02
-3.592440180291296414e-01
4.795930188451703186e-02
5.272847006682197801e-02
2.178028622280766061e-02
1.330558220025780392e-01
-2.754983894278364639e-02
-8.094772346208135849e-02
5.207520755875756635e-02
4.224994672902165210e-02
1.465070916505621934e-01
6.208755194894772372e-02
-5.569342612322172176e-02
nan
6.085826621850604079e-02
3.529866843633270440e-02
3.987596773804499839e-02
2.940547915986681596e-02
3.517432512355054414e-02
7.210685602375983827e-02
5.991499621717448487e-02
7.067048549620331965e-02
-8.939990359168408646e-03
1.160963184286370464e-02
-6.557079177618140194e-03
-8.635813197867277247e-02
4.916238258540716471e-02
-8.868451961637115188e-02
6.453231397846259654e-03
3.417862816851427454e-02
-4.583724240775188113e-02
2.778930661456903081e-02
nan
-1.385730559098456195e-02
-1.678982983792432979e-02
-1.429749713941620981e-01
-8.350386969288649264e-02
-4.493784238752192295e-02
5.729942347765382485e-03
-6.906780426966334374e-02
-7.858747493443185572e-02
-3.157652054439395034e-02
-3.803966229400775750e-02
-8.689470955091201099e-02
-4.974466251056846450e-02
-1.528092533940156594e-01
-7.676957798523917353e-02
-7.362975539860779073e-02
1.094185006567939961e-01
-6.530016381103348477e-02
-2.644678321282933897e-01
-4.158096822075529886e-01
-1.063120213182453949e-01
1.002139043244566624e-01
1.657075982473732445e-02
-2.302149007283154844e-02
nan
1.434393969464066443e-02
-3.182914790439476255e-02
