-1.191914012683859339e-02
-3.097461305948661855e-02
nan
7.982563857617282210e-02
1.297156309286426057e-01
4.715641594760790201e-02
4.404540970587722537e-02
-8.283680018441140491e-02
-4.076263818306567061e-02
-1.048033922735160384e-01
-6.443413802656328127e-02
-9.833129516666322401e-02
-9.538433658012797356e-02
8.495324080683150370e-02
-8.911932111256683220e-02
1.312550521049658803e-01
2.285967389390321930e-02
-7.809234146823712530e-02
-1.568395969680074723e-03
3.866175062525743777e-02
2.454370128166189977e-02
3.293620083333793913e-02
1.568209631547522187e-02
-5.061018296094605025e-03
1.954021959023802268e-02
-4.018472300736059682e-02
-9.415024337111312092e-02
-4.253271899678178619e-02
-9.861510368653715608e-02
-4.138709357150463508e-02
-9.765841154612837222e-03
-7.402001739013204518e-02
6.478235770960171294e-03
-4.507524249143712858e-02
-1.316049874712591113e-02
-8.669934712288598910e-02
-6.660152583489623024e-02
-5.430143419307753355e-04
-1.959821718853895986e-02
-2.309505149381708283e-02
-8.947146345407658297e-02
-6.683102899425040488e-02
-4.249317020537174416e-02
-9.691196222783977909e-02
-8.921423384931730094e-02
-4.026603539736241938e-02
-5.672310083085468219e-02
-8.950464902892579788e-02
-8.222364202892400165e-02
-1.466226924584287418e-02
-8.212489172874976040e-02
-1.330888194845479024e-02
-8.607912676479190228e-02
-3.009618019590280802e-02
-1.244353385303452984e-02
-6.104006718727741920e-02
-4.020866204142142970e-03
-5.094273812838352906e-03
-9.345065187864040612e-02
-3.163132681901375566e-03
-3.128405979290102557e-02
-1.720009744627143400e-02
-6.149764878977851540e-02
-5.937729512950794264e-02
3.271360250504314841e-03
8.033884925102693919e-02
-9.002064521333072444e-02
-3.298639779425362184e-02
-3.591720208182986457e-02
-8.190070044281332062e-02
-7.796627981965267851e-02
-3.925051676099725745e-02
-8.100161371172542868e-02
2.457867524495194189e-02
-6.118219892516590236e-02
-6.675334948495791239e-03
-9.876673030794006977e-03
-5.824813110268728389e-02
-7.248274216004015058e-02
-6.070330724318215299e-02
1.197078171181705994e-02
-5.492906173472519860e-02
-5.031064170035531857e-02
-6.867403782438154247e-02
-2.646014410323129645e-02
-3.447345555029749514e-02
-7.704239334551876532e-03
-2.107590851142988192e-02
-2.625219209841378465e-02
1.212742265163657468e-03
-3.573602189022329068e-02
-3.883011208472436637e-02
-5.520989040654217944e-02
-5.983719665378490343e-02
-5.410358709227949814e-02
4.990679420154886525e-02
-4.966286006866486857e-02
-5.061633456496123645e-02
3.364810310782010566e-02
-6.032981266033570628e-02
-7.840313256761909100e-02
-4.138632719100614199e-02
-5.016789021597007486e-02
-7.998104569302165456e-02
-7.183240763070478097e-02
-2.580865055641436145e-02
-9.079312748875133232e-02
-6.135982708025999183e-02
6.544869562586741983e-03
-5.446080890812377007e-02
-6.648478105163968532e-02
1.207573531192569771e-01
-1.133707786318431492e-02
-6.478650223246176787e-02
-3.560697405176445340e-02
-2.761342806773135414e-02
-7.971911200083164895e-02
-9.244685934856161635e-02
-9.277752602459954367e-02
-9.723461081775082449e-02
-9.324148344554705758e-02
-8.950892819724670657e-02
-6.996551067539191759e-02
-5.367697555860388020e-02
-9.935203970203196344e-02
-8.362502873006466553e-02
-7.403336840617177894e-02
-8.761135883925008638e-02
-5.079894137161857642e-02
-5.879855601648214559e-03
-1.191772130217364500e-01
-2.921777049148518990e-02
-2.844555119151626760e-02
-6.063252049842220159e-02
-5.379685939962064456e-02
-8.658028164159697893e-02
-9.044934891925338061e-02
-9.641191431919567123e-02
-9.627129813139025105e-02
-9.868466235259504282e-02
-9.391510854540564834e-02
-8.812240878217672546e-02
-9.198102388160778187e-02
3.834776479819208828e-02
-4.087683637963090977e-02
-4.977617670069671429e-02
-3.827403534355474507e-02
-4.649275329377063753e-02
-3.961174746750200509e-02
-9.597866070991024900e-02
-3.423534383418713745e-02
-7.664871028612663117e-02
-3.585618528564368107e-02
-2.735013748254401522e-02
-6.679870798839399049e-02
-5.399906449959943761e-02
-2.082536595795795101e-02
-8.929160458812826495e-02
-1.001194259340126846e-01
-6.351938614521340787e-02
-8.227600541314604443e-02
-9.724277272712922304e-02
-9.843894791109547571e-02
-7.200614834868365732e-02
-5.414190618662315796e-02
-1.004686050547295151e-01
-7.539341871111904236e-02
-6.172894587732526139e-02
-3.438844798922426754e-02
-4.037424495903721433e-02
-6.451348124557607089e-02
-5.601586983298822986e-02
-7.066891888251763953e-02
-3.511736669076780809e-02
2.571850030736331713e-02
-2.652136077407522136e-02
-9.250710301726595974e-02
-9.513726877813702409e-02
-4.915485698988267954e-02
-9.080525043876429281e-02
-8.548575220460731539e-02
-8.234060159430105219e-02
-1.001119252567043288e-01
-6.565791295597663002e-02
-7.687116166298307851e-02
-7.360481325237165640e-02
-2.154723893811537339e-02
-1.047761331487754161e-01
-6.558948052163239562e-02
-4.316275767816982190e-02
-4.391544842052304276e-02
-4.226665101239840405e-02
-9.184726342215500383e-02
-4.246590041366445772e-02
5.062592123021272296e-03
-9.332339382611973266e-02
-9.968028218912690364e-02
-5.183896825430545086e-02
-1.627680759699754939e-02
-5.515788003955856417e-02
-1.720464214374178846e-02
-6.931038408164298670e-02
-1.434725973907779312e-02
-4.017291316763638154e-02
nan
-6.205725641576598228e-02
-3.199154729975295375e-02
1.021077880996904371e-04
-5.455497063349287051e-02
-3.108621393714055756e-02
-2.786326794010267338e-02
-7.091161563341683016e-02
-6.236436733158119694e-02
-5.018002633400022588e-02
-6.833028770984922451e-02
-4.142612592915426856e-02
-2.362823828702054207e-02
-4.287524767979802864e-02
-2.144393017433873436e-02
-3.324181896060595526e-02
-5.650894846400592031e-02
-6.592002627024826089e-02
-1.414508798697281140e-02
nan
-6.481047774474837930e-02
-4.474397793906488563e-02
-4.681388674660336147e-03
-3.726316698741183320e-02
-4.975501824852457400e-02
-1.813669891023690986e-02
-2.556781448784674685e-02
-6.261938509098753658e-02
-7.373307662968260623e-02
-2.870221904915600669e-02
-2.499056269524247906e-02
-1.564987044708173597e-02
-1.172587335423821812e-02
-2.213814166619792329e-02
-7.954370310453540149e-03
-1.013318864550084297e-01
-6.018872967433646498e-02
-7.348161135688113278e-03
-4.663350670642130852e-02
-2.080895054314544149e-02
-2.386689051903857512e-03
-6.345913171373170070e-02
-1.762555012532370305e-02
nan
-5.434202028965409020e-02
-4.873078053982411728e-02
