7.070987544496573629e-02
-1.701999404725701437e-01
nan
1.230598051763569734e+00
1.861334896566224417e+00
8.175756913406891924e-01
7.782446317725180140e-01
-8.258703611179769588e-01
-2.939455614315558130e-01
-1.103584153645005284e+00
-5.932137396575860588e-01
-1.021760326541719888e+00
-9.845032480578558287e-01
1.295424031882378646e+00
-9.052974614397361064e-01
1.880797109523018262e+00
5.104028556812144624e-01
-7.658882929750445712e-01
2.015697012978460712e-01
7.101814394991440293e-01
5.316932602499688798e-01
6.377958759776661823e-01
4.196599547170318800e-01
1.574140403651587694e-01
4.684364805579527280e-01
-2.866392385138739618e-01
-9.689011599407207909e-01
-3.163239009510595001e-01
-1.025348390638597396e+00
-3.018402714295316258e-01
9.793307063134974733e-02
-7.144037222440822177e-01
3.032996650854446474e-01
-3.484678875751844318e-01
5.501593398478433344e-02
-8.747028133593737209e-01
-6.206150536933459083e-01
2.145331423029271656e-01
-2.637325903768688445e-02
-7.058217013405367057e-02
-9.097494394604191958e-01
-6.235165594218011753e-01
-3.158239032815164382e-01
-1.003816335425560480e+00
-9.064974006918130600e-01
-2.876672346689101989e-01
-4.957265475045810055e-01
-9.101689898308717996e-01
-8.181184769800748935e-01
3.602972169422320042e-02
-8.168700211311513693e-01
5.313999158000917017e-02
-8.668616449546394653e-01
-1.590943069251966324e-01
6.408020025964303312e-02
-5.503040210694676304e-01
1.705642177385668645e-01
1.569936057506361171e-01
-9.600565378069760847e-01
1.814081587774318827e-01
-1.741121370287331827e-01
3.945095573604386237e-03
-5.560890204770088108e-01
-5.292823381248394909e-01
2.627565731331150123e-01
1.237086344635809132e+00
-9.166924986536927333e-01
-1.956340344901503214e-01
-2.326868814022116372e-01
-8.140356710409616392e-01
-7.642945519714974267e-01
-2.748284870496688348e-01
-8.026689198904723987e-01
5.321354204150767764e-01
-5.521009290198384267e-01
1.370049574241486712e-01
9.653187282413878967e-02
-5.150068226966184604e-01
-6.949686395250642690e-01
-5.460465158148282150e-01
3.727394651999490494e-01
-4.730453141431713582e-01
-4.146566966450649372e-01
-6.468168952135505689e-01
-1.131255299312540485e-01
-2.144342401598552939e-01
1.239969797624215914e-01
-4.505504908503194655e-02
-1.104964858042804393e-01
2.367303872889816585e-01
-2.303963013278090277e-01
-2.695134988817152188e-01
-4.765957053547108524e-01
-5.350966672651007450e-01
-4.626092076839363743e-01
8.523474926600493884e-01
-4.064670833934344030e-01
-4.185214347179440075e-01
6.467961378186051213e-01
-5.413245909632243835e-01
-7.698174857484569866e-01
-3.018305824238867174e-01
-4.128519535171061849e-01
-7.897663351901997864e-01
-6.867467511310703099e-01
-1.048889885979644027e-01
-9.264586463336221822e-01
-5.543466022863449139e-01
3.041420862907009970e-01
-4.671254032252885602e-01
-6.191391016483301923e-01
1.748079399543126966e+00
7.806862813953985292e-02
-5.976685226104407889e-01
-2.287648072621639717e-01
-1.277059829365594368e-01
-7.864548247495438682e-01
-9.473660381014362697e-01
-9.515465088950989525e-01
-1.007895437144853856e+00
-9.574121149217300619e-01
-9.102230894407905559e-01
-6.631444084638955516e-01
-4.572157489957502374e-01
-1.034665142863186782e+00
-8.358355818451378427e-01
-7.145725131645607187e-01
-8.862329693140688081e-01
-4.208300508479446145e-01
1.470618467856784073e-01
-1.285305936291112783e+00
-1.479889661687956992e-01
-1.382261431698065812e-01
-5.451515906817814283e-01
-4.587313867431266901e-01
-8.731975217677736545e-01
-9.221124077392365281e-01
-9.974944535154549596e-01
-9.957167059864923120e-01
-1.026227789722246264e+00
-9.659284555750405898e-01
-8.926939450195937598e-01
-9.414766887796767181e-01
7.062118572134470362e-01
-2.953893181207706276e-01
-4.078996948568009429e-01
-2.624832695179668551e-01
-3.663888422352080676e-01
-2.793953652014418143e-01
-9.920170220380276627e-01
-2.114239003011335605e-01
-7.476371100438039541e-01
-2.319154733563946746e-01
-1.243773179050226135e-01
-6.231079394101824986e-01
-4.612877753242788370e-01
-4.188755171302868674e-02
-9.074755643149486906e-01
-1.044366863546664748e+00
-5.816489410233496304e-01
-8.187804838113066364e-01
-1.007998624512222552e+00
-1.023121332009065076e+00
-6.889432772699711771e-01
-4.630936588438253065e-01
-1.048781378893067773e+00
-7.317670204728549121e-01
-5.590132060367219990e-01
-2.133595276107554395e-01
-2.890352797274474694e-01
-5.942168404651201330e-01
-4.867853425232414599e-01
-6.720372836128096772e-01
-2.225749205232481764e-01
5.465457185448727717e-01
-1.138994649029129863e-01
-9.481276718425178940e-01
-9.813796804136850627e-01
-4.000446278276489909e-01
-9.266119113649504690e-01
-8.593598759579063051e-01
-8.195971444193126398e-01
-1.044272035840420054e+00
-6.086853783837152809e-01
-7.504494632422007427e-01
-7.091544821570163748e-01
-5.101386872338208034e-02
-1.103239528730864061e+00
-6.078202177435717557e-01
-3.242891980229609672e-01
-3.338051302081169180e-01
-3.129601225045249846e-01
-9.397856151559615956e-01
-3.154791435096900298e-01
2.854023160227785461e-01
-9.584476712039199375e-01
-1.038814965721001071e+00
-4.339786452566463670e-01
1.561783591509398154e-02
-4.759381615624304063e-01
3.887638997487933516e-03
-6.548619361442324927e-01
4.001224590421155469e-02
-2.864899319957923685e-01
nan
-5.631638892372435867e-01
-1.830565849383739563e-01
2.226891326653434311e-01
-4.683158477765895777e-01
-1.716108604212316091e-01
-1.308645966258962789e-01
-6.751055900143123623e-01
-5.670465550969063795e-01
-4.130053850257826009e-01
-6.424710163625599879e-01
-3.023337400581737056e-01
-7.732301213017343799e-02
-3.206543377900494818e-01
-4.970778225929590316e-02
-1.988632099813534004e-01
-4.930191149754500901e-01
-6.119991597059584176e-01
4.256821288312000184e-02
nan
-5.979716342819225705e-01
-3.442798580986103363e-01
1.622135277638611650e-01
-2.497033133103213898e-01
-4.076321980155568347e-01
-7.895937554753254192e-03
-1.018442059704218333e-01
-5.702706304946369986e-01
-7.107760586314583184e-01
-1.414710800209932895e-01
-9.454626990838453648e-02
2.354392171269836104e-02
7.315326075346566259e-02
-5.848438745313014331e-02
1.208346857814365932e-01
-1.059695459270988849e+00
-5.395409419136147910e-01
1.284987170661212041e-01
-3.681683246364740869e-01
-4.168001897035308184e-02
1.912243880903543025e-01
-5.808871712132914755e-01
-1.433712234229193297e-03
nan
-4.656236118864017781e-01
-3.946832190670430673e-01
