4.853232964177694453e-01
1.801383927381761396e-01
nan
-2.307157536756303529e-01
2.328688836884736657e-01
-1.781555877690418344e-01
2.478819834044083681e-01
6.623252576392100188e-01
2.842044702600812767e-01
5.188120118645874745e-01
3.652320864424832281e-01
4.746839932106923787e-01
4.415967685974723778e-01
1.070156442978978106e-01
4.866391565220476445e-01
-9.079850313449350230e-02
3.841619997654237562e-01
5.589017292507668377e-02
1.014890333831897501e-01
1.393813929628754389e-01
1.553868532284094495e-01
3.132856560893621523e-01
2.084380667649904373e-02
1.946801076622966045e-02
4.299111091970836962e-01
3.092647822339700953e-02
5.472746555550792591e-01
1.938534120608356726e-01
5.259787002365979847e-01
-1.029945481652667916e-01
3.780270358090159766e-01
3.363441721855431332e-01
5.821815024203488148e-02
-3.568250968471485818e-01
1.550055548602327082e-01
4.101169068039403065e-01
2.344111980183909982e-01
-7.122613367261179662e-02
-5.475397692738571964e-02
-1.464873470683213941e-01
5.546473379566557727e-01
3.498434892998553702e-01
-1.053790982836550275e-02
6.018514582361519372e-01
4.090437713329030944e-01
-4.089175080023527836e-02
4.888795860124890424e-01
4.228534798219297786e-01
3.049336780105530442e-01
-2.036518513346639025e-01
4.686034050856736077e-01
-1.485330107434398028e-01
3.934549374108652908e-01
-4.311781107899606003e-01
7.356138960497980717e-02
4.361432196739789546e-03
1.197585315587446075e-01
1.239406025001274156e-02
4.601275847308262112e-01
-1.564347302466783524e-02
3.574548634210061165e-02
3.645531696308281222e-01
2.086739193785617230e-01
3.797167580643218132e-01
5.930536457924034249e-02
1.215586697517442444e-01
2.991662491358548781e-01
4.126015578474370171e-01
1.083430412617283067e-01
5.009007606290112324e-01
4.032136710897457621e-01
-3.757450421301949395e-01
2.113326591046833236e-01
-8.441534951172859902e-01
1.820428916894062943e-01
-3.137841233877389224e-01
-5.872884684759431539e-03
2.649007819876366687e-01
2.421118267140857649e-01
-7.891934223435249918e-02
-3.310520122514136188e-01
1.247516492642496318e-02
-1.334775978880606839e-01
1.452127839091925110e-01
-1.800994358457780886e-01
-2.020415853957636607e-02
-2.373074433374161296e-01
-1.772369342762142308e-01
-1.166229661988375799e-01
-3.175337221240265850e-01
1.288407289165478808e-01
-2.974887210598709530e-01
1.284436894010358987e-01
1.696398321662645481e-01
5.256741520868198764e-02
5.013621243708850095e-01
-3.167762646165139806e-02
-7.061761231275982820e-02
-2.240509661903959393e-01
1.012604379607343480e-01
1.050285889948035373e-01
-1.550393123928194561e-01
-3.133865828953583815e-02
2.977827795874615213e-01
1.539622713345775717e-01
-3.115342028118969209e-01
5.530266450247793841e-01
-1.857158724397955929e-01
-4.617659730195781687e-01
2.295129065128264090e-01
2.777603232293465174e-01
-1.229313380833018776e+00
-1.152976250908237937e-01
2.667622290164554100e-01
-1.252378537380569035e-02
2.135483969468598142e-01
4.070152178311377544e-01
5.489916311414174688e-01
4.070016674220010011e-01
5.802658050911013721e-01
4.895088518132086342e-01
5.138417203187726212e-01
-2.541358359573717141e-02
2.654649992604101172e-01
6.122731385391178005e-01
2.535625651121853341e-01
3.769273391692505304e-01
2.074198490351958080e-01
-1.375829552830007407e-01
-5.703236433054255095e-01
-1.402913008571337272e+00
-7.047661158131894588e-02
-2.790447507961408835e-01
2.294450638781469487e-01
-4.259883802335764913e-01
4.259455328913043792e-01
3.784070651100513993e-01
5.387037830198486699e-01
5.360598190849293898e-01
6.015458418135681828e-01
4.998907558076587931e-01
5.587158582578525268e-01
5.091227875249821899e-01
2.704482697050249462e-01
5.639763498199418246e-01
1.437470713216751350e-02
3.752696488808703879e-01
1.903061831656052416e-01
7.495336848774650229e-02
5.141808770235106740e-01
3.945961296327304274e-02
4.671681626941361354e-01
2.500429244344438695e-01
-1.066946689442125132e-02
3.952710398493642363e-01
3.819644503853845130e-01
2.087155490631325550e-01
4.863464441169793595e-01
5.779764707977336213e-01
2.891756736924503968e-01
5.068758001473275820e-01
5.164635671059663036e-01
5.210308604823611356e-01
1.912446893848441243e-01
-4.643970017955746377e-01
3.566466132174693771e-01
5.876081584090259158e-01
1.631590345910666207e-01
1.054930257713995595e-01
1.886794608536158935e-01
3.942613546555325671e-02
9.413622946255992274e-02
4.186310570368512729e-01
-5.177089376285982647e-01
-9.002477825940659040e-01
-2.735416689737756868e-01
2.859763450884282299e-01
4.411765028671496003e-01
-3.031760127101323365e-01
4.145377220595239387e-01
4.168381420808729976e-01
3.320161286219528440e-01
4.545401163819404178e-01
4.118878182467567428e-01
1.295646468424790365e-01
2.921869811773398773e-01
4.152141712634858095e-01
4.820612649911964476e-01
9.320735605554725245e-02
3.923420781642370514e-01
4.031347196486896600e-02
1.016116853568321959e-01
-3.851318525806425308e-01
1.128903694992144935e-01
-1.142500540744139093e-01
3.174813447452645154e-01
5.520793479073049514e-01
2.161272140286417051e-02
-2.522915776387434916e-01
1.833804319478684886e-01
-2.287794886827782329e-02
4.259253024591311276e-01
-8.572707725009535420e-04
-8.763197293726106285e-02
nan
2.336433357963118018e-01
3.781217199432585635e-02
-1.130885119651172666e-01
1.390212702615689633e-01
3.309287889739673943e-02
8.449418695145716196e-02
2.758586586701576304e-01
2.530724799895543997e-01
4.733983660842080304e-02
1.749027119839542121e-01
8.250044041193066099e-03
-2.256855789632485898e-01
1.171169756305945886e-01
-2.407695899425557895e-01
-8.620598145531409989e-03
1.574271694343002126e-01
5.811430760310160037e-02
-6.444748878837679162e-02
nan
1.109651623118389913e-01
6.041101208680700434e-03
-4.230162494883808466e-01
-1.528187002585277010e-01
-2.045754823128466404e-02
-8.489420196465857771e-02
-1.845099501635646122e-01
-1.802616199015424567e-02
1.229065636859048710e-01
-1.123368198166211362e-01
-2.199046715149166886e-01
-1.984635700667352620e-01
-4.060059900962080803e-01
-2.155825759215458104e-01
-2.802349581859255312e-01
5.171417522273010769e-01
-5.840899350166920724e-03
-6.314820116582350318e-01
-7.127092696057109045e-01
-2.760868958624387859e-01
9.365170967358289744e-03
1.597843476942657770e-01
-1.398958525187242452e-01
nan
1.104804698026059517e-01
-1.619378243570416317e-03
