6.561696253127542733e-02
-2.021966903355227815e-02
nan
4.788873544738767030e-01
7.036201074980196202e-01
3.317266916979365599e-01
3.177129593958745168e-01
-2.538363031692090210e-01
-6.431047219805752224e-02
-3.527862625090698034e-01
-1.709403006906337896e-01
-3.236322752647599610e-01
-3.103575064189111332e-01
5.019849760883970946e-01
-2.821363320435625877e-01
7.105545314717625072e-01
2.222804185321677894e-01
-2.324645767243069816e-01
1.122425706061915135e-01
2.934619128536469779e-01
2.298662306995717108e-01
2.676707971079425041e-01
1.899485480871195286e-01
9.650982354254375450e-02
2.073277182204468494e-01
-6.170721526562360920e-02
-3.047984523627205178e-01
-7.228391768450373456e-02
-3.249107094154883302e-01
-6.712337258082726188e-02
7.531663942626301567e-02
-2.141205249791524601e-01
1.484891527036532599e-01
-8.373688204949342184e-02
6.002518095198651482e-02
-2.712353999867774812e-01
-1.807034416748300176e-01
1.168614696125583885e-01
3.102605466806665838e-02
1.527433446850447185e-02
-2.837225803898187348e-01
-1.817372537561189327e-01
-7.210576755151569539e-02
-3.172387966579457985e-01
-2.825638727109630044e-01
-6.207349227627104171e-02
-1.362054263009931099e-01
-2.838720669951456110e-01
-2.510742919155617425e-01
5.326035693271800181e-02
-2.506294646912293755e-01
5.935677905884556571e-02
-2.684415765768368156e-01
-1.626271040374617505e-02
6.325479648955709133e-02
-1.556514852848740749e-01
1.011952570767246651e-01
9.636002187935109597e-02
-3.016470964558103374e-01
1.050589741615543526e-01
-2.161359220401994768e-02
4.182854282949560742e-02
-1.577126917195584010e-01
-1.481614191498837885e-01
1.340435709279306220e-01
4.811991457250462956e-01
-2.861964057573571640e-01
-2.928188573508977779e-02
-4.248388647841881000e-02
-2.496195802932411056e-01
-2.318967237341321985e-01
-5.749902176352176403e-02
-2.455695849583577894e-01
2.300237732182958683e-01
-1.562917270496375355e-01
8.923802796911990687e-02
7.481738994790976260e-02
-1.430750254986193903e-01
-2.071957675614001793e-01
-1.541345279598437257e-01
1.732306872719428792e-01
-1.281240591550996955e-01
-1.073200822450007530e-01
-1.900392082907476354e-01
1.160534058008672015e-04
-3.598043523697407042e-02
8.460326046618273088e-02
2.436969688057687156e-02
1.052786893538701363e-03
1.247703907678274493e-01
-4.166774838472015602e-02
-5.560528123905836978e-02
-1.293890703841989731e-01
-1.502330758248450193e-01
-1.244056543167542800e-01
3.441159515017671033e-01
-1.044021072647729892e-01
-1.086970958664375542e-01
2.708776077423920570e-01
-1.524520970376323503e-01
-2.338645556797266933e-01
-6.711992036944844364e-02
-1.066770487913668575e-01
-2.409723691706442128e-01
-2.042662928857648108e-01
3.050748951938631048e-03
-2.896761029918474284e-01
-1.570918647611622421e-01
1.487893090021527587e-01
-1.260147834893508012e-01
-1.801775571175202317e-01
6.632669557028649798e-01
6.823890029423095027e-02
-1.725275484396269765e-01
-4.108644390578219258e-02
-5.078990091692381359e-03
-2.397924716204548334e-01
-2.971254469603375470e-01
-2.986149567585019149e-01
-3.186921884596076171e-01
-3.007048834868703002e-01
-2.838913427903917985e-01
-1.958567327195548935e-01
-1.224839545947453701e-01
-3.282302861834047181e-01
-2.573869305139756536e-01
-2.141806655093231593e-01
-2.753436167682263291e-01
-1.095196602414952869e-01
9.282131702492719960e-02
-4.175340837835546104e-01
-1.230585609592772800e-02
-8.827343451662091056e-03
-1.538156644107148974e-01
-1.230239792442674590e-01
-2.706990616924922488e-01
-2.881275298069057578e-01
-3.149862979532029317e-01
-3.143528830835030097e-01
-3.252240410033032103e-01
-3.037392720698121051e-01
-2.776456748602648683e-01
-2.950270604501694649e-01
2.920475430371829995e-01
-6.482488548806565609e-02
-1.049125494893382027e-01
-5.310039697183172036e-02
-9.012215272260286347e-02
-5.912620924785980808e-02
-3.130346785645996555e-01
-3.490784534538386719e-02
-2.259616450819224853e-01
-4.220903230544645335e-02
-3.892980327720936204e-03
-1.815916616587038013e-01
-1.239348254210459049e-01
2.549828229693975462e-02
-2.829123942944835046e-01
-3.316870279549298806e-01
-1.668197406557193896e-01
-2.513101662249974666e-01
-3.187289543174091078e-01
-3.241172041349819066e-01
-2.050489193810334232e-01
-1.245782651983996514e-01
-3.332599282781620320e-01
-2.203071015913879993e-01
-1.587545846684210726e-01
-3.559751308511472506e-02
-6.256092936639749691e-02
-1.712977074410010903e-01
-1.330196577394017754e-01
-1.990252812687373918e-01
-3.888097533484529550e-02
2.351581902058130225e-01
-1.597011157175032281e-04
-2.973968185297007905e-01
-3.092445732492128396e-01
-1.021137739727393107e-01
-2.897307116178006736e-01
-2.657686818298768405e-01
-2.516011439730644894e-01
-3.316532406604933425e-01
-1.764528753774760872e-01
-2.269636919449842805e-01
-2.122502106225842289e-01
2.224655796276123199e-02
-3.526634719881833191e-01
-1.761446169745151114e-01
-7.512196837771105418e-02
-7.851251334933113946e-02
-7.108539694311674650e-02
-2.944245276599010142e-01
-7.198292898057605249e-02
1.421122927503624955e-01
-3.010738541853885120e-01
-3.297088760629779403e-01
-1.142045297623014571e-01
4.598756270267217311e-02
-1.291547862641403699e-01
4.180807094072550717e-02
-1.929056718744785459e-01
5.467933798174173105e-02
-6.165401706556692535e-02
nan
-1.602334810897584894e-01
-2.480051622721307636e-02
1.197674646925788733e-01
-1.264389411765716453e-01
-2.072238252963569394e-02
-6.204410234805284204e-03
-2.001185247512028698e-01
-1.616168824161672846e-01
-1.067317167335199712e-01
-1.884907632830708224e-01
-6.729919640396297975e-02
1.287255947791750114e-02
-7.382686067355312409e-02
2.271191908631107689e-02
-3.043244718415687167e-02
-1.352407628745381507e-01
-1.776335820471502125e-01
5.559003394082848853e-02
nan
-1.726355477121716830e-01
-8.224467907804461353e-02
9.821989014972373755e-02
-4.854687395230561364e-02
-1.048172398494251478e-01
3.760955991211349658e-02
4.135610868419517354e-03
-1.627656266921039818e-01
-2.128279814446685236e-01
-9.983520703658271475e-03
6.735879548028658216e-03
4.881164234330029328e-02
6.648754542428803038e-02
1.958479774613713573e-02
8.347652902806482200e-02
-3.371486361446326963e-01
-1.518165794447555728e-01
8.620723814084735315e-02
-9.075618573064704597e-02
2.557222661300195127e-02
1.085565155783707048e-01
-1.665483206047175813e-01
3.991206324438366371e-02
nan
-1.254796923418510513e-01
-1.002034937016767907e-01
