3.780430861769622508e-01
9.576029220463469493e-02
nan
3.304230556403607300e-01
8.535663544712634998e-01
2.170896776030663278e-01
4.773099188100666801e-01
1.725127455268165300e-01
1.186538860615853480e-01
-1.881802569431994740e-02
6.417680970434516685e-02
-1.806764604403744007e-02
-2.609021492541152218e-02
5.709144491701323432e-01
3.112506816012474212e-02
6.521608269775344136e-01
4.695957074152801169e-01
-1.964686183498955407e-01
1.776015013978279600e-01
3.832177369978645998e-01
3.299224024329758809e-01
4.693655018243119148e-01
2.033998903717377515e-01
1.090724349593185510e-01
4.840905670222662716e-01
-4.177428223912075383e-02
4.749240932408396731e-02
5.252245500716019866e-02
1.367156461172027056e-02
-1.333937201007328599e-01
3.186779827510181073e-01
2.400381891468833691e-03
1.859964412031061276e-01
-3.133949756914023443e-01
1.598301901742554543e-01
-7.229937755958604391e-03
-2.979424278613940213e-02
7.104621059269869421e-02
-4.189200541080759753e-03
-7.898894347503497559e-02
7.331468474812291580e-02
4.347406715033743513e-02
-7.886323371606385191e-02
7.018197274619783488e-02
-1.924955475569394697e-02
-8.836896453769048365e-02
1.785030270903537053e-01
-1.166867628605153945e-02
-5.477312817976731640e-02
-7.779763491290898891e-02
5.102363594611221409e-02
-3.622177786987613307e-02
-1.516109759687234160e-02
-2.937785278625502094e-01
1.106354406814600150e-01
-1.528212693549259038e-01
1.783136367317082749e-01
1.043692249031248492e-01
-5.451483257240999358e-03
9.502110111421759042e-02
1.422620903098643485e-03
2.765158172830326500e-01
-2.336944521982204509e-02
9.628004043711357873e-02
1.722501971193227954e-01
5.594890607948826977e-01
-9.360883971054173580e-02
2.363310690232877376e-01
2.728165715680982983e-02
7.282291195850180976e-02
2.766654816736408701e-02
-2.993347358659918522e-01
-1.095179067849696430e-01
-3.133102392475332620e-01
-3.909045395337888001e-02
-1.127093592880805406e-01
7.106768884827756316e-02
2.746116220689982443e-02
-5.133067449117185987e-02
-2.049109345261807269e-01
-3.982896759701383405e-02
-1.200702184981455173e-01
-1.932132991666341837e-01
-9.654609996421165130e-02
-1.157833686107280491e-01
-4.895871301903117340e-02
-6.811731011878026376e-02
-8.968635508288384794e-02
-7.398768483660589368e-02
-7.958936298295102296e-02
4.129189858987707129e-02
-2.470684284478836534e-01
-4.668794967172596594e-02
-4.101527499295667956e-02
-9.054486564087438349e-02
6.668754345228316005e-01
-1.247680032043913673e-01
-1.541282627113290671e-01
1.266963268163792400e-01
-8.724923391969012509e-02
-1.662389310270158682e-01
-1.668907570473555368e-01
-1.268248323430036517e-01
-4.927379849239865023e-02
-1.051417411200258334e-01
-1.974513015336534782e-01
6.631774398067903642e-02
-2.766118088750208481e-01
-1.484099243974295046e-01
2.174329722315224492e-02
-1.365112849420594332e-03
-1.279744999285027385e-01
-5.946202708010823838e-03
-7.941661984283091696e-04
-4.912114468446901472e-02
1.324070356060563503e-01
2.221753672860143219e-02
5.627086666990532143e-02
-3.661565377639746516e-02
5.483414790079235018e-02
1.440307354962211406e-02
4.687990938001491276e-02
-2.121936349068703764e-01
4.841610611781260037e-02
6.589840299320103012e-02
-9.415284890868166889e-02
2.846305822771290697e-02
-1.418115637086305725e-01
-1.980555126503172614e-01
-2.742568624587587989e-01
-1.320555638376936791e+00
-5.764301297553242609e-02
-1.884167870105750986e-01
-6.102190342187258087e-03
-3.972028388625510331e-01
3.495084593784968975e-03
-4.453382017202559690e-02
3.178726907872170965e-02
3.071882257272389241e-02
6.199973815179907893e-02
1.805126955122899127e-02
8.201064496429211204e-02
3.270630502693076119e-02
4.661692410977050782e-01
2.982247145261326948e-01
-9.563521743310850198e-02
1.884817253364513834e-01
3.240031677238253138e-02
-1.085369363883919441e-02
1.795390150432871548e-02
-9.481348910382974421e-03
7.476844169165168530e-02
1.187667602215907448e-01
-1.073282819797292779e-02
7.286074522479092652e-02
1.219542591642147206e-01
1.598745020671988870e-01
3.016056484919142980e-02
4.036525772216034008e-02
1.934105593322515623e-02
7.497831868087699581e-02
1.372876956008782165e-02
1.128024116407602175e-02
-8.192622118646984697e-02
-4.234802715345316049e-01
-1.036746398092272814e-01
1.579487222333236796e-01
-5.370867019679417126e-02
3.233374747481099903e-02
5.891537085816587332e-02
-1.458973582886112230e-01
-7.240189317566990412e-02
7.046305529893502617e-02
-3.720962424236298194e-01
-3.442827600998605297e-01
-1.762065953909478233e-01
-1.132997874766240448e-01
-2.524776342846369453e-02
-2.972393195403421617e-01
-2.288025578445294916e-02
2.563330166708440404e-03
-3.786740204687910616e-02
-3.905521458770792181e-02
8.869569338780834700e-02
-1.435443162096433911e-01
-2.415260903438319964e-02
2.895429528040237566e-01
-4.235117452139283700e-02
-1.161262092020505232e-01
1.774486962436200854e-01
-5.253786987652726836e-02
-5.653697553474730519e-03
-5.423103885760847120e-01
7.086719167834691462e-04
6.860398719620366959e-02
-9.669761797501613687e-02
2.567385928263321571e-02
-1.002685020843227109e-01
-1.163793881661803614e-01
-1.109164224598153600e-02
2.711133417735047887e-02
8.127807511391593742e-02
5.415743870428913614e-02
-1.180355046564406513e-01
nan
-9.817854279649665394e-03
-4.341138196812440180e-04
4.700607426353584778e-02
-3.692907964468748055e-02
6.064141864343901680e-04
4.821118144920579635e-02
-2.253082774791414361e-02
1.304967044186969381e-03
-7.623525167040295925e-02
-7.588660990272338980e-02
-6.196295650052171394e-02
-1.323695973562186712e-01
1.585285508605383366e-03
-1.322392736304285610e-01
-3.595436155902274195e-02
-3.388357735501550116e-02
-1.402041305955338546e-01
1.413602842290845492e-02
nan
-1.011865692746282824e-01
-7.833080876163915629e-02
-1.740383912610345696e-01
-1.468877073759354557e-01
-1.179609418263057458e-01
-1.700631606707603272e-02
-1.146026622193006689e-01
-1.743462329238914810e-01
-1.336938444543508686e-01
-8.226543183409076865e-02
-1.347853946362727595e-01
-7.890687515508913730e-02
-1.948225389571442145e-01
-1.191539705587839892e-01
-9.687592247915607913e-02
-4.254994964350305997e-03
-1.555533328286452521e-01
-3.202379535465246230e-01
-5.494921973128492620e-01
-1.521121271985022838e-01
1.146164759867641103e-01
-6.367490780773357728e-02
-5.010753089392307180e-02
nan
-5.434111389144354043e-02
-1.012211726960566549e-01
