4.289181185420587461e-01
2.095900790210958597e-01
nan
7.064618069059449557e-01
8.171893291928168379e-01
4.456064155242731029e-01
6.008923886238725087e-01
3.061835772157394664e-01
1.408238842830035475e-01
9.466318463317223431e-02
2.671965849636969148e-01
1.147181416158167405e-01
1.290636496318704474e-01
5.931331317707396744e-01
1.384539779245524682e-01
6.853761174710022441e-01
4.692976366930531329e-01
2.718373905984984296e-01
2.143568110218278255e-01
4.374400976418174047e-01
2.891998297323924438e-01
2.922072646628566250e-01
3.169029921580893694e-01
3.199345122726453550e-01
7.129257309567413881e-01
3.277152761405229819e-01
1.452691032163289653e-01
4.760440351441814766e-01
1.039123450929172882e-01
2.970695645068498481e-01
5.710666660909212711e-01
9.437750907726606686e-02
3.067728712258380730e-01
0.000000000000000000e+00
3.902087485647171561e-01
1.470111104680837111e-01
2.838846180079547254e-01
1.955414827041067616e-01
2.826496895657617525e-01
0.000000000000000000e+00
9.477719548860995269e-02
1.229060641181473068e-01
1.242394401509975127e-01
1.027326787710663297e-01
1.433389823005828956e-01
1.470038862664175827e-01
1.889587401399432931e-01
1.151965536599323797e-01
1.175219790599544289e-01
2.316292206078987004e-01
1.164443776707984879e-01
2.797737240744934684e-01
0.000000000000000000e+00
3.178405344750300232e-01
3.261693761456539442e-01
3.096714456113847103e-01
3.686512915595082651e-01
4.030093805073488022e-01
1.994079815281213919e-01
2.830771932653446954e-01
3.292266689889720155e-01
3.818398724487122031e-01
1.782799818557997407e-01
1.551417864213480435e-01
3.220757665378249923e-01
7.187884486421161068e-01
1.461833572015878713e-01
4.097278988866050464e-01
2.860253591139834128e-01
8.708816419238807338e-02
1.246376265907392783e-01
4.042677876964597128e-01
0.000000000000000000e+00
5.958814167996902000e-01
2.149648992067787479e-01
3.594908356051843557e-01
2.682353383707417604e-01
1.290010255417371743e-01
2.079982190667872544e-01
2.196640130371058930e-01
2.212885764130030630e-01
1.273258765459772957e-01
1.775365654108549962e-01
1.815194810071553699e-01
2.018983540859436432e-01
2.080346386658309676e-01
2.685534662614950663e-01
2.409596436921516427e-01
2.691173864382007119e-01
7.714490059757042606e-02
2.376618283546253207e-01
1.752560602827919478e-01
8.490275186939803820e-02
1.991083241827815431e-01
2.174638258360667431e-01
1.051846850984810455e+00
2.563348740920616819e-01
3.250337710439624717e-01
2.986629355744618852e-01
2.077349726365586846e-01
1.799331550293548077e-01
2.151546945834093005e-01
6.142230640042506407e-01
2.642068896534336964e-01
3.130342999203456489e-01
3.495465876027733509e-01
9.144168265515167926e-02
3.514462759134946435e-01
2.671398527509302179e-01
2.493491641254188262e-01
2.435365865703617294e-01
1.006217441918277000e+00
2.211100211179685970e-01
1.344802142414895096e-01
3.880404560649378665e-01
2.264262510358091840e-01
1.435031074033686349e-01
1.029791538745713914e-01
1.380197460940170429e-01
2.140251552330178220e-01
7.499664243416359621e-02
1.816653186644378581e-01
2.804230342171575296e-01
2.816599566657786990e-01
1.469297654692362787e-01
1.639277599869932989e-01
1.502404772489946971e-01
1.997187909078577683e-01
3.079002592239001301e-01
3.101520908344131966e-01
0.000000000000000000e+00
4.258029479065016942e-01
3.147898686089937725e-01
2.145525091292607711e-01
4.098258776570404827e-01
9.880373807754867788e-02
1.304183125795040643e-01
1.984739431468605098e-01
1.026255179476193991e-01
1.242421204570977739e-01
1.162516823397523463e-01
2.026281187563465369e-01
9.091517583829214488e-02
3.793700825668013810e-01
3.649899898969041212e-01
2.346436708190468012e-01
5.427361835002796064e-02
9.446953531886365107e-02
1.950429115959271265e-01
8.987362185552988381e-02
2.093148414083220443e-01
7.694301991670267349e-02
1.533655972981905757e-01
1.373752194420343742e-01
1.429315393277234836e-01
1.390445565318420285e-01
3.144025797810304779e-01
9.839235194335108070e-02
2.196400537581297274e-01
2.067814956623139633e-01
1.588687671841205185e-01
7.348381535956936828e-02
5.856366224715422314e-02
2.685015631777878387e-01
3.286497654732506435e-01
2.160192957924609580e-01
0.000000000000000000e+00
3.017443785443960080e-01
1.891473238422787528e-01
1.219352342321738530e-01
2.571842921195499621e-01
1.832919967478839340e-01
1.258338452118684947e-01
2.955551188516509220e-01
3.686431758282440185e-01
1.274679863576388961e-01
2.356639048297406169e-01
2.255517708344086103e-01
1.975037868687511133e-01
1.276808921925690066e-01
1.406518053744470476e-01
9.667765534137814920e-02
1.222150477153765707e-01
2.633687676914515108e-01
2.307815807843404954e-01
1.494738628515180079e-01
3.982093536835289438e-01
1.172290510855529544e-01
1.740288303844113038e-01
3.458203689061482566e-01
1.194396588261254638e-01
9.590794946492396666e-02
0.000000000000000000e+00
1.559139250600790061e-01
2.153937411095256105e-01
1.214137119279127264e-01
5.647474514287631475e-02
5.045255461546221953e-01
1.737839372714982678e-01
1.307789784911379538e-01
1.929286543219212724e-01
1.028396683688185265e-01
2.887444715779119986e-01
3.029189753298931476e-01
nan
5.784906448215121344e-02
4.371297374642387212e-01
2.886159951744783903e-01
1.145721687623362656e-01
2.205318074567751974e-01
1.029094951128946278e-01
1.873138799068685412e-01
7.319076310367557403e-02
9.023158563268930676e-02
1.160311651769506402e-01
9.766013069567330840e-02
2.057227038132783958e-01
1.085782837797406170e-01
3.177460743217347949e-01
1.636268346578031163e-01
1.386046208263553570e-01
1.713930002824113064e-01
3.036098020760852889e-01
nan
2.210963698975306480e-01
3.283805657179398318e-01
2.136168777997092261e-01
2.893482015510990824e-01
2.354941448322723230e-01
3.518110089590725242e-01
1.844959191638599061e-01
2.527819091988533495e-01
1.545401339797148610e-01
2.052310512110949725e-01
2.976029435945121704e-01
1.945012238754828815e-01
1.584454375440221829e-01
2.864873771252910983e-01
2.107280323749992357e-01
1.392936748358725163e-01
2.733333449777209934e-01
3.000976885067141442e-01
4.527847030425927732e-01
2.715036109150589794e-01
2.119046154456843412e-01
1.429419747341672819e-01
2.303311609135434979e-01
nan
2.018304368014142980e-01
2.948662139653144831e-01
