1.170600499386962978e+00
0.000000000000000000e+00
0.000000000000000000e+00
6.266744919416155080e-01
1.573465276632783238e+00
9.843631406017157026e-01
1.080578047832334798e+00
1.018712210700437160e+00
0.000000000000000000e+00
0.000000000000000000e+00
5.501955963355975587e-02
0.000000000000000000e+00
0.000000000000000000e+00
1.195677600840460375e+00
0.000000000000000000e+00
1.140059992816742085e+00
1.012259187438746988e+00
-1.006527008190359673e+00
6.419746247716338061e-01
9.596454112251174839e-01
9.979969081151661703e-01
8.215838051934902797e-01
9.277142456602633924e-01
8.336176528926657614e-01
1.408914039493772474e+00
7.908917244657613921e-01
0.000000000000000000e+00
1.419144406325926422e+00
0.000000000000000000e+00
-1.034918993470268500e+00
1.514071144493094323e+00
0.000000000000000000e+00
8.962640078182941838e-01
0.000000000000000000e+00
1.568073216070600573e+00
0.000000000000000000e+00
-7.555231621258635677e-01
0.000000000000000000e+00
6.393446487342937523e-01
0.000000000000000000e+00
0.000000000000000000e+00
0.000000000000000000e+00
0.000000000000000000e+00
0.000000000000000000e+00
0.000000000000000000e+00
0.000000000000000000e+00
8.644447155543375505e-01
0.000000000000000000e+00
0.000000000000000000e+00
0.000000000000000000e+00
0.000000000000000000e+00
0.000000000000000000e+00
0.000000000000000000e+00
-7.483803794666260556e-01
9.890516679891743212e-01
0.000000000000000000e+00
1.395081377986301829e+00
1.073951756436393623e+00
0.000000000000000000e+00
6.942107935207935121e-01
-1.059320195737213810e+00
9.219619405273613566e-01
0.000000000000000000e+00
0.000000000000000000e+00
-1.870113182362076465e-02
1.228435547911168602e+00
0.000000000000000000e+00
6.983970253851957688e-01
0.000000000000000000e+00
0.000000000000000000e+00
0.000000000000000000e+00
-8.710174599827312791e-01
0.000000000000000000e+00
-9.091916560472235176e-01
0.000000000000000000e+00
-1.149193603340480596e+00
8.201447240169588149e-01
0.000000000000000000e+00
-8.445094328115275717e-01
-7.311343187998198268e-01
0.000000000000000000e+00
0.000000000000000000e+00
0.000000000000000000e+00
0.000000000000000000e+00
-6.363080757329984127e-01
0.000000000000000000e+00
8.686763577927616442e-01
0.000000000000000000e+00
0.000000000000000000e+00
0.000000000000000000e+00
0.000000000000000000e+00
0.000000000000000000e+00
0.000000000000000000e+00
6.955183146694986496e-01
0.000000000000000000e+00
1.718722285507642056e+00
0.000000000000000000e+00
-1.078473410122923637e+00
0.000000000000000000e+00
0.000000000000000000e+00
0.000000000000000000e+00
0.000000000000000000e+00
3.036755814433270695e-01
0.000000000000000000e+00
0.000000000000000000e+00
-1.078904991386475665e+00
0.000000000000000000e+00
-8.916537191252537076e-01
0.000000000000000000e+00
6.803029565804648016e-01
0.000000000000000000e+00
-2.082196772956048658e-01
0.000000000000000000e+00
0.000000000000000000e+00
7.693019693591356400e-01
0.000000000000000000e+00
0.000000000000000000e+00
0.000000000000000000e+00
0.000000000000000000e+00
0.000000000000000000e+00
0.000000000000000000e+00
0.000000000000000000e+00
0.000000000000000000e+00
7.944914915243199705e-01
0.000000000000000000e+00
0.000000000000000000e+00
0.000000000000000000e+00
0.000000000000000000e+00
-8.009192660277397735e-01
-8.242460046024747689e-01
-1.320555638376936791e+00
6.922931026077153716e-01
-8.966131261020349186e-01
0.000000000000000000e+00
-1.763563503646451203e+00
0.000000000000000000e+00
0.000000000000000000e+00
0.000000000000000000e+00
0.000000000000000000e+00
0.000000000000000000e+00
0.000000000000000000e+00
0.000000000000000000e+00
0.000000000000000000e+00
8.278325299421523953e-01
7.393097148010356889e-01
0.000000000000000000e+00
0.000000000000000000e+00
0.000000000000000000e+00
0.000000000000000000e+00
0.000000000000000000e+00
0.000000000000000000e+00
0.000000000000000000e+00
0.000000000000000000e+00
0.000000000000000000e+00
0.000000000000000000e+00
0.000000000000000000e+00
2.913676091028657988e-01
0.000000000000000000e+00
0.000000000000000000e+00
0.000000000000000000e+00
0.000000000000000000e+00
0.000000000000000000e+00
0.000000000000000000e+00
-7.344626270102119214e-01
-8.621372365316898323e-01
0.000000000000000000e+00
0.000000000000000000e+00
-6.375086636822555608e-01
0.000000000000000000e+00
0.000000000000000000e+00
-7.574888495916685116e-01
0.000000000000000000e+00
0.000000000000000000e+00
-7.906502649356583756e-01
-9.072446541601433267e-01
0.000000000000000000e+00
0.000000000000000000e+00
-8.485220571396666633e-01
0.000000000000000000e+00
0.000000000000000000e+00
0.000000000000000000e+00
0.000000000000000000e+00
0.000000000000000000e+00
6.404213001237690772e-01
-9.793986135310659424e-01
0.000000000000000000e+00
9.731943054891584177e-01
0.000000000000000000e+00
0.000000000000000000e+00
7.728353851514229156e-01
0.000000000000000000e+00
0.000000000000000000e+00
0.000000000000000000e+00
0.000000000000000000e+00
0.000000000000000000e+00
0.000000000000000000e+00
0.000000000000000000e+00
-2.155938357394465488e+00
0.000000000000000000e+00
0.000000000000000000e+00
0.000000000000000000e+00
0.000000000000000000e+00
6.582845508902611664e-01
0.000000000000000000e+00
0.000000000000000000e+00
0.000000000000000000e+00
0.000000000000000000e+00
8.943953603817782483e-01
0.000000000000000000e+00
6.645669705473944422e-01
0.000000000000000000e+00
7.377197180198316051e-01
0.000000000000000000e+00
0.000000000000000000e+00
0.000000000000000000e+00
0.000000000000000000e+00
0.000000000000000000e+00
0.000000000000000000e+00
-1.185046897793852416e+00
0.000000000000000000e+00
0.000000000000000000e+00
0.000000000000000000e+00
0.000000000000000000e+00
0.000000000000000000e+00
-6.774876493234834873e-01
1.112594353474021469e+00
0.000000000000000000e+00
0.000000000000000000e+00
0.000000000000000000e+00
-1.024439947283541930e-01
0.000000000000000000e+00
-7.922522400054100578e-01
0.000000000000000000e+00
0.000000000000000000e+00
-8.112594720572194884e-01
0.000000000000000000e+00
0.000000000000000000e+00
-9.399587128308019013e-01
0.000000000000000000e+00
0.000000000000000000e+00
-8.056947592090910604e-01
-9.723723351513970936e-01
-1.121386971417952294e+00
-8.109031216035180734e-01
7.428734313218932073e-01
0.000000000000000000e+00
0.000000000000000000e+00
0.000000000000000000e+00
0.000000000000000000e+00
7.893305424791512426e-01
