82	121.794013977
83	134.683639526
84	48.4114341736
85	8.16539859772
86	20.1271400452
87	11.5974225998
88	8.16539859772
89	30.7811889648
90	58.5642356873
91	53.0640983582
92	18.8378562927
93	151.851287842
94	32.7743492126
95	38.3192977905
96	21.2712688446
97	108.674743652
98	58.7462310791
99	19.6544895172
100	0.0
101	54.3902130127
102	0.0
103	140.939697266
104	106.256355286
105	45.8986206055
106	27.0410575867
107	94.5500183105
108	0.0
109	45.3043632507
110	0.0
111	94.2607574463
112	102.070236206
113	67.8195037842
114	121.649024963
115	98.4039840698
116	39.3925819397
117	64.5040206909
118	41.378692627
119	31.0511646271
120	79.2447280884
121	0.0
122	76.9174346924
123	0.0
124	101.558700562
125	95.2229537964
126	67.7282562256
127	48.394317627
128	98.9317398071
129	91.4694595337
130	3.06770634651
131	97.8751831055
132	0.0
133	0.0
134	17.5301609039
135	41.5925216675
136	7.56792831421
137	15.7333278656
138	6.13541269302
139	67.1902389526
140	23.3012561798
141	116.166732788
142	23.8498382568
143	45.5206222534
144	100.864135742
145	18.8194446564
146	47.545879364
147	82.4505996704
148	25.1673717499
149	28.8391990662
150	46.842010498
151	14.6651287079
152	189.402175903
153	34.4463653564
154	72.7757720947
155	97.3998947144
156	151.037414551
157	70.2630615234
158	0.0
159	35.8236427307
160	158.29006958
161	24.5698432922
162	2.72179961205
163	72.1036605835
164	75.6232147217
165	94.9834213257
166	165.93132019
167	20.5794563293
168	57.3137245178
169	112.786338806
170	0.0
171	0.0
172	9.20311927795
173	0.0
174	0.0
175	4.94621658325
176	80.0362701416
177	20.5794563293
178	111.13633728
179	112.445892334
180	35.8788795471
181	204.624771118
182	56.959236145
183	5.19203472137
184	48.9968032837
185	12.1566038132
186	0.0
187	0.0
188	0.0
189	8.25974082947
190	12.414056778
191	102.125709534
192	70.6139755249
193	147.526519775
194	80.8779830933
195	170.369384766
196	13.7020349503
197	95.8693008423
198	39.3487052917
199	23.1497802734
200	74.3986816406
201	30.7177085876
202	45.3519706726
203	72.3597946167
204	0.0
205	91.1400222778
206	57.263885498
207	66.9875564575
208	153.678894043
209	110.527755737
210	36.2063713074
211	7.63021373749
212	40.254283905
213	47.6586303711
214	36.9470787048
215	56.8042297363
216	78.9544372559
217	111.145515442
218	24.3573856354
219	91.2983856201
220	17.0594329834
221	120.27293396
222	21.9055614471
223	8.30361557007
224	78.254737854
225	85.7454910278
226	0.0
227	8.5297164917
228	53.9001083374
229	71.8152770996
230	2.12432861328
231	33.9737129211
232	165.392074585
233	85.6587371826
234	31.2087726593
235	78.0304412842
236	73.4419021606
237	21.5412464142
238	44.0891456604
239	52.0556564331
240	89.9653396606
241	0.0
242	50.7263526917
243	50.198097229
244	32.7914581299
245	2.72179961205
246	73.1413803101
247	90.6019897461
248	93.6389694214
249	116.94594574
250	45.4463195801
251	165.7237854
252	26.0976810455
253	75.3537139893
254	45.5842132568
255	25.3824443817
256	3.06770634651
257	84.502571106
258	17.5485725403
259	96.0088043213
260	57.9871177673
261	43.1009025574
262	20.4546356201
263	87.0276641846
264	63.081073761
265	170.959365845
266	25.0930747986
267	28.8391971588
268	147.068908691
269	73.3100662231
270	56.1515274048
271	76.094039917
272	68.6692123413
273	94.1340103149
274	23.1948471069
275	130.551193237
276	46.4569892883
277	112.17237854
278	133.033599854
279	19.28515625
280	55.4965324402
281	56.6403198242
282	49.4574050903
283	6.53763008118
284	0.0
285	30.1468925476
286	45.7162971497
287	100.248626709
288	82.0024261475
289	108.963111877
290	44.1202011108
291	135.653427124
292	0.0
293	13.9917268753
294	0.0
295	62.5274772644
296	10.6356344223
297	17.0410232544
298	113.855766296
299	73.8245544434
300	91.0282897949
301	52.3615341187
302	68.5512619019
303	49.3926124573
304	37.1865768433
305	65.718963623
306	31.4164638519
307	8.85721206665
308	4.84612846375
309	102.589988708
310	20.8494319916
311	3.06770634651
312	72.566619873
313	8.5297164917
314	18.2219734192
315	44.8412628174
316	127.754524231
317	10.3081388474
318	193.909301758
319	38.1899337769
320	133.124862671
321	28.9243927002
322	0.0
323	11.2515163422
324	71.0390090942
325	8.16539859772
326	57.6024513245
327	0.0
328	6.13541269302
329	8.5297164917
330	13.0115280151
331	108.944709778
332	136.922210693
333	54.9194145203
334	3.06770634651
335	23.6471614838
336	2.72179961205
337	0.0
338	24.0114784241
339	31.2335014343
340	56.6454315186
341	25.8096523285
342	57.1695365906
343	107.209564209
344	23.1948471069
345	22.6145935059
346	0.0
347	37.8599815369
348	104.24180603
349	35.1956977844
350	2.12432861328
351	123.728103638
352	28.9843540192
353	124.280700684
354	58.5642356873
355	2.39430427551
356	141.636520386
357	175.608947754
358	9.20311927795
359	55.9067001343
360	0.0
361	51.2933502197
362	73.7713623047
363	3.06770634651
364	6.13541269302
365	69.2671661377
366	0.0
367	0.0
368	8.5297164917
369	16.7697410583
370	3.06770634651
371	0.0
372	18.2219734192
373	0.0
374	0.0
375	2.39430427551
376	24.29986763
377	3.06770634651
378	40.10912323
379	152.007995605
380	53.958404541
381	97.5055541992
382	28.5117015839
383	2.39430427551
384	3.06770634651
385	32.1937179565
386	20.6737976074
387	8.56751918793
388	46.3453903198
389	0.0
390	44.3901901245
391	21.2712688446
392	0.0
393	55.5928153992
394	0.0
395	11.2515163422
396	131.132720947
397	142.252792358
398	39.3547782898
399	48.7840042114
400	0.0
401	32.9856185913
402	0.0
403	6.13541269302
404	51.9253692627
405	11.5974235535
406	37.6204719543
407	51.8517074585
408	21.5228347778
409	85.5985183716
410	101.262687683
411	81.0367965698
412	116.972290039
413	161.177032471
414	95.856338501
415	130.445892334
416	62.4873466492
417	129.530166626
418	28.5679168701
419	197.24357605
420	148.52381897
421	33.502986908
422	2.77801370621
423	59.5378761292
424	117.060798645
425	48.8218040466
426	21.0060577393
427	13.5699501038
428	40.58177948
429	17.8576564789
430	0.0
431	11.5974225998
432	14.1054611206
433	5.19203472137
434	10.2897281647
435	93.9723739624
436	142.062652588
437	11.6352262497
438	110.608291626
439	22.318769455
440	56.3519287109
441	28.6568603516
442	35.481590271
443	9.96223258972
444	0.0
445	0.0
446	5.84572029114
447	9.69225692749
448	0.0
449	0.0
450	0.0
451	3.06770634651
452	5.17231798172
453	7.51040840149
454	4.84612846375
455	6.13541269302
456	11.5790119171
457	55.3717269897
458	40.9949874878
459	10.2897281647
460	148.295654297
461	86.6817550659
462	2.39430427551
463	3.06770634651
464	77.6513671875
465	90.2507705688
466	38.9465866089
467	105.807983398
468	102.091835022
469	105.086029053
470	43.3219909668
471	3.06770634651
472	42.6485862732
473	57.3137207031
474	65.7184295654
475	14.049246788
476	61.6687812805
477	181.225769043
478	57.7476043701
479	85.8645477295
480	54.1250762939
481	15.2243099213
482	94.9893951416
483	56.0938835144
484	10.5781145096
485	119.127593994
486	83.5239486694
487	13.0115280151
488	15.3385314941
489	91.9102783203
490	27.1414737701
491	0.0
492	30.3396949768
493	71.2733917236
494	0.0
495	0.0
496	58.7974624634
497	42.9294319153
498	0.0
499	5.78950595856
500	110.492126465
501	160.32862854
502	81.6139450073
503	31.0511627197
504	113.94039917
505	102.463386536
506	7.56792831421
507	14.6651287079
508	50.8139839172
509	0.0
510	149.690444946
511	105.664169312
512	0.0
513	38.6983222961
514	45.3703918457
515	37.2243804932
516	7.24043273926
517	110.012908936
518	82.7580718994
519	0.0
520	61.5058364868
521	118.675666809
522	88.835975647
523	43.6659698486
524	48.129360199
525	80.3265762329
526	152.355743408
527	50.6015357971
528	154.270751953
529	80.2690505981
530	34.305973053
531	148.215591431
532	75.2937545776
533	8.51130580902
