82	120.75377655
83	127.274139404
84	50.3250045776
85	6.35521268845
86	18.5916938782
87	10.419711113
88	4.02634620667
89	45.1618614197
90	53.0482444763
91	61.4471321106
92	24.6582717896
93	150.502243042
94	33.0752296448
95	39.1905555725
96	16.7121677399
97	109.628395081
98	61.2735176086
99	13.6303815842
100	2.47340106964
101	48.5836639404
102	5.32489061356
103	129.415817261
104	105.818191528
105	49.3088340759
106	21.4644069672
107	98.0493927002
108	0.0
109	48.713092804
110	1.74500954151
111	106.633796692
112	105.193229675
113	70.6745529175
114	120.76398468
115	95.8212203979
116	42.8251724243
117	68.7363357544
118	47.2533531189
119	31.3094978333
120	86.5382156372
121	2.09569478035
122	73.1219100952
123	2.84442591667
124	98.5108795166
125	89.6172866821
126	73.5252914429
127	46.2419929504
128	93.8083572388
129	87.7624282837
130	2.38025331497
131	96.5585174561
132	0.0
133	0.105151213706
134	20.5651779175
135	43.1538276672
136	10.6423082352
137	17.5133323669
138	5.005215168
139	68.1172866821
140	22.5073242188
141	111.335090637
142	27.873922348
143	44.3971366882
144	98.3082885742
145	18.6438789368
146	51.6406173706
147	74.2601242065
148	23.0484638214
149	28.8561592102
150	42.1543655396
151	10.8864250183
152	179.366607666
153	34.5894432068
154	63.9959640503
155	103.61289978
156	161.165161133
157	63.8805809021
158	0.0
159	34.2354278564
160	152.292816162
161	31.1874389648
162	1.87302041054
163	66.5210800171
164	76.7317962646
165	96.8827590942
166	163.142745972
167	20.8548030853
168	61.4168014526
169	108.068313599
170	0.0
171	0.0
172	5.33405065536
173	0.0
174	0.485847771168
175	4.90985918045
176	77.6303787231
177	22.2596378326
178	116.412857056
179	113.579521179
180	35.7628479004
181	205.949127197
182	58.0685768127
183	6.94288682938
184	56.0754394531
185	7.78762149811
186	0.0
187	0.0
188	0.0900560170412
189	3.47441315651
190	12.0039176941
191	97.1563339233
192	66.3278961182
193	153.200576782
194	86.2157058716
195	175.751800537
196	15.4588975906
197	89.4484558105
198	41.4516716003
199	24.2364330292
200	72.0401763916
201	37.0048675537
202	42.2120780945
203	64.5832366943
204	0.572441637516
205	103.67767334
206	63.0690116882
207	63.1880607605
208	161.184692383
209	114.17364502
210	33.6779136658
211	7.09680175781
212	34.1174468994
213	39.9981117249
214	44.2326431274
215	58.8706474304
216	80.3761749268
217	109.269020081
218	23.4271812439
219	100.324111938
220	21.0478019714
221	125.209129333
222	21.4367103577
223	8.66557979584
224	76.5049133301
225	91.2347335815
226	0.410148769617
227	8.98392009735
228	53.4364738464
229	65.8627929688
230	2.5347430706
231	37.2332458496
232	153.018280029
233	92.3317565918
234	28.3985385895
235	81.4658889771
236	77.8488464355
237	17.9614524841
238	35.1661529541
239	53.3903961182
240	100.327774048
241	0.849409818649
242	54.1310958862
243	45.2434158325
244	34.4726219177
245	2.25049471855
246	69.2279891968
247	82.4117965698
248	97.7202224731
249	114.310897827
250	43.5164222717
251	161.347564697
252	29.6909103394
253	77.295425415
254	47.9066925049
255	25.6564121246
256	7.49707746506
257	87.0914154053
258	20.3598022461
259	96.6524963379
260	61.3590164185
261	50.0807952881
262	25.1739253998
263	82.7735900879
264	67.3928451538
265	164.335281372
266	23.7595119476
267	27.9427719116
268	151.246780396
269	71.0565490723
270	65.3731689453
271	74.7700424194
272	78.7053146362
273	92.0540924072
274	26.1250400543
275	136.860702515
276	46.983127594
277	103.793037415
278	121.732337952
279	14.8690805435
280	55.6837615967
281	53.6497383118
282	50.1591033936
283	10.438284874
284	0.0
285	26.8838863373
286	46.4553260803
287	95.7380981445
288	75.0662994385
289	106.876914978
290	43.3593101501
291	141.788894653
292	0.0
293	15.2723283768
294	0.0
295	63.2582511902
296	17.0608043671
297	9.01131916046
298	108.375404358
299	71.5922164917
300	83.7465438843
301	53.4301643372
302	67.4469985962
303	51.3809165955
304	32.4107170105
305	70.2293930054
306	29.3586826324
307	9.9171257019
308	10.2197084427
309	105.598472595
310	19.2202148438
311	2.07863402367
312	74.9487075806
313	11.7128629684
314	14.6834316254
315	44.2863616943
316	120.882469177
317	9.30431175232
318	182.812545776
319	42.5287513733
320	126.077941895
321	31.3569316864
322	3.91793370247
323	10.1358413696
324	71.7130889893
325	7.59379673004
326	58.623134613
327	0.0
328	7.32984828949
329	7.27347373962
330	12.7423944473
331	107.439682007
332	123.826065063
333	51.1422424316
334	2.7406065464
335	22.2986812592
336	2.33263683319
337	0.0
338	19.0012340546
339	27.1939373016
340	59.9334144592
341	20.0025062561
342	59.4861793518
343	102.425354004
344	24.448184967
345	22.3754673004
346	0.0534936152399
347	39.5391044617
348	104.699256897
349	30.364944458
350	4.36789321899
351	133.908905029
352	27.9224815369
353	111.444747925
354	58.7756271362
355	1.59636855125
356	134.501739502
357	167.992645264
358	9.5212059021
359	56.7545433044
360	0.574225902557
361	45.5183334351
362	63.2235107422
363	3.64118623734
364	6.71171140671
365	79.441192627
366	0.0
367	1.64832806587
368	8.53672790527
369	19.191488266
370	1.02370774746
371	0.0
372	14.7616281509
373	0.0
374	0.0
375	3.18671917915
376	25.9157867432
377	2.18243432045
378	40.3457984924
379	147.428634644
380	56.5215759277
381	95.5628814697
382	26.9153785706
383	4.04356336594
384	2.14505457878
385	29.8994293213
386	21.4897022247
387	4.26965808868
388	48.8680152893
389	0.133365988731
390	42.673500061
391	15.3777742386
392	0.0396624356508
393	50.912651062
394	0.0
395	8.64715003967
396	122.369529724
397	142.489868164
398	36.3075828552
399	46.2961158752
400	0.296544641256
401	30.5395374298
402	0.409356415272
403	9.13192844391
404	55.6929168701
405	7.10908985138
406	33.8215255737
407	49.7334823608
408	15.7749528885
409	83.7291107178
410	93.8383483887
411	77.3215942383
412	112.59412384
413	164.304122925
414	86.7280654907
415	122.964698792
416	63.087726593
417	136.448425293
418	34.1253166199
419	203.132888794
420	153.334686279
421	41.669178009
422	5.32818508148
423	53.768283844
424	117.395645142
425	42.3249969482
426	18.5104694366
427	17.5263366699
428	35.0510292053
429	19.6243476868
430	0.96914088726
431	20.5772953033
432	18.9444484711
433	3.1132516861
434	11.5586271286
435	90.4058609009
436	147.046234131
437	11.2816123962
438	102.457962036
439	21.2834911346
440	52.3725738525
441	30.2650470734
442	36.3228797913
443	5.21359395981
444	2.05943059921
445	0.0900575369596
446	2.7001619339
447	10.2449092865
448	0.983590662479
449	0.0
450	0.0
451	0.724072635174
452	5.58463191986
453	7.31083488464
454	5.25115776062
455	3.47189712524
456	12.8819255829
457	52.8663368225
458	38.4740371704
459	10.6501808167
460	144.865478516
461	87.8034973145
462	1.77003347874
463	6.58631849289
464	72.5376052856
465	92.9479904175
466	38.31590271
467	99.5627593994
468	99.1225967407
469	103.23840332
470	38.4215011597
471	4.16995382309
472	41.7783355713
473	61.6426239014
474	60.2852287292
475	9.41294574738
476	60.0576171875
477	181.717163086
478	48.2335929871
479	86.6396102905
480	58.1600761414
481	17.1253147125
482	88.9030151367
483	50.9021034241
484	13.818104744
485	109.742904663
486	87.7380828857
487	12.7728052139
488	23.2904129028
489	87.9261779785
490	24.7286376953
491	3.07717013359
492	29.0583400726
493	85.1846466064
494	0.907774984837
495	0.34869736433
496	47.1653556824
497	50.0727310181
498	0.0
499	4.02852535248
500	105.3802948
501	155.351699829
502	79.4227523804
503	32.8469619751
504	122.903053284
505	98.6127471924
506	7.08158874512
507	16.0906143188
508	52.2708930969
509	0.0
510	133.072723389
511	106.693649292
512	0.0
513	40.2137641907
514	44.5826263428
515	39.328742981
516	4.93606233597
517	111.25743103
518	71.9810943604
519	0.187621608377
520	59.9297370911
521	110.145355225
522	89.5248260498
523	44.2741546631
524	50.9064483643
525	78.5282287598
526	151.798492432
527	44.2422561646
528	146.062332153
529	78.0065765381
530	36.7257499695
531	150.837097168
532	78.0257263184
533	5.8917593956
