87	155.065505981
88	23.8104782104
89	41.3329467773
90	25.0437107086
91	4.97436237335
92	42.1548805237
93	57.3238639832
94	67.1715393066
95	10.4508457184
96	133.817947388
97	35.4408149719
98	38.2944946289
99	34.7587203979
100	176.040237427
101	89.2183914185
102	17.7178688049
103	6.90479278564
104	43.2415771484
105	12.279838562
106	126.729019165
107	83.8731155396
108	51.8050498962
109	27.3062229156
110	119.59147644
111	0.0
112	53.7030601501
113	26.9892635345
114	78.420501709
115	55.450138092
116	94.212600708
117	116.973129272
118	53.6900939941
119	45.8255996704
120	76.3535690308
121	13.4412870407
122	46.128692627
123	49.9903526306
124	0.0
125	62.3314285278
126	1.30682432652
127	80.6773681641
128	86.3824386597
129	74.2562866211
130	40.6029472351
131	104.566345215
132	90.783203125
133	3.17244458199
134	55.3385047913
135	0.0
136	0.612215816975
137	24.4192676544
138	57.9568367004
139	7.86773967743
140	15.0407056808
141	2.94325685501
142	58.2728004456
143	45.092830658
144	157.02746582
145	21.3841285706
146	37.7117805481
147	97.5800323486
148	28.0690555573
149	55.0811958313
150	102.725128174
151	21.9379501343
152	26.4900379181
153	45.8259620667
154	9.80573654175
155	167.736068726
156	28.0000476837
157	58.0855560303
158	30.2946891785
159	44.4534034729
160	28.7041397095
161	0.133725717664
162	43.0901527405
163	29.3706073761
164	30.3434143066
165	1.26722621918
166	68.1367416382
167	42.1333465576
168	98.5683898926
169	159.662994385
170	15.4621505737
171	63.3477783203
172	107.898506165
173	0.0
174	0.0
175	7.74357175827
176	0.0
177	1.77586865425
178	7.11248826981
179	74.9628219604
180	16.3224411011
181	94.1536941528
182	117.480117798
183	30.5530567169
184	165.471908569
185	60.2238388062
186	6.74115610123
187	52.8436203003
188	8.13125991821
189	0.201606571674
190	0.0
191	0.138168364763
192	1.22628307343
193	17.7995567322
194	102.531074524
195	47.333984375
196	144.476959229
197	85.1572113037
198	125.612045288
199	17.6466999054
200	67.0480117798
201	16.4051647186
202	28.2884864807
203	28.7944946289
204	10.0850811005
205	7.01163911819
206	66.2646484375
207	2.56223654747
208	109.333457947
209	124.180686951
210	52.2810935974
211	152.039215088
212	108.029251099
213	24.2456798553
214	10.3629436493
215	22.2554683685
216	40.6004219055
217	17.5583324432
218	8.01984882355
219	83.1658096313
220	118.896713257
221	24.1647338867
222	93.50025177
223	23.3604793549
224	128.573135376
225	24.1631793976
226	11.1032867432
227	68.3447952271
228	82.8224487305
229	1.941218853
230	8.70149803162
231	49.2661056519
232	54.1572685242
233	0.759612321854
234	41.8412628174
235	125.486801147
236	89.7040405273
237	30.4701595306
238	52.7349357605
239	14.4440450668
240	9.81399822235
241	37.1584701538
242	62.7300338745
243	95.9393386841
244	2.43351101875
245	52.7533950806
246	47.8418540955
247	36.5192260742
248	5.87566614151
249	72.4628143311
250	75.0494003296
251	89.3589248657
252	113.195907593
253	38.113067627
254	67.0459976196
255	0.847256779671
256	76.3443603516
257	10.1253023148
258	0.724801063538
259	13.3601961136
260	63.9107666016
261	136.598251343
262	23.6762256622
263	27.1124038696
264	110.507720947
265	16.5406532288
266	65.5738601685
267	61.7684555054
268	141.872192383
269	11.7623767853
270	22.6347408295
271	88.210395813
272	70.4197692871
273	86.8781204224
274	69.3793640137
275	83.7945327759
276	86.2570419312
277	23.6183357239
278	129.940231323
279	56.462562561
280	89.044883728
281	48.1416511536
282	18.2876586914
283	51.2423362732
284	41.5804214478
285	56.0954208374
286	29.6377754211
287	0.0
288	18.8039855957
289	19.2314338684
290	69.0960083008
291	51.954044342
292	75.9887313843
293	18.9156646729
294	106.566436768
295	0.0
296	10.4097070694
297	0.272661477327
298	51.9275131226
299	22.7564544678
300	13.9906482697
301	136.003234863
302	70.6764755249
303	56.5727539062
304	13.5115594864
305	4.96045017242
306	27.0379505157
307	26.6543121338
308	128.827804565
309	42.0418014526
310	2.68762254715
311	45.8014411926
312	138.590484619
313	18.8747196198
314	0.133921995759
315	67.5957260132
316	60.0031394958
317	15.4070224762
318	99.0260238647
319	133.873458862
320	16.4257965088
321	122.370956421
322	51.1233291626
323	93.4896469116
324	8.0676651001
325	6.31449842453
326	11.24796772
327	26.5120372772
328	21.4259338379
329	18.4292411804
330	0.0
331	0.67921179533
332	5.98419094086
333	22.3698101044
334	109.233612061
335	83.0582427979
336	55.1605033875
337	3.2640349865
338	34.4596824646
339	17.8071918488
340	0.0
341	33.3567657471
342	17.3750476837
343	66.6124343872
344	22.5403881073
345	74.9709854126
346	65.2075119019
347	24.1641330719
348	24.6980667114
349	0.177357986569
350	40.3465538025
351	95.9189834595
352	20.0626659393
353	4.35992860794
354	89.3906173706
355	63.5665016174
356	153.065872192
357	73.0692977905
358	6.3060336113
359	114.235877991
360	154.48815918
361	33.6202888489
362	130.54776001
363	53.029045105
364	73.7769317627
365	60.6084403992
366	26.0386371613
367	9.32620239258
368	26.4617195129
369	1.78010833263
370	2.56547856331
371	3.23515868187
372	5.58808040619
373	1.3833990097
374	0.0
375	19.3557891846
376	0.0
377	0.0
378	2.53941106796
379	12.5077381134
380	1.4966853857
381	43.8709068298
382	150.990951538
383	83.1264953613
384	140.570083618
385	27.8704147339
386	41.5910568237
387	0.440606504679
388	49.5593147278
389	22.850276947
390	2.06358242035
391	61.9818649292
392	0.046496283263
393	36.759185791
394	11.3952741623
395	0.0
396	39.440952301
397	2.09692382812
398	10.2988615036
399	124.854995728
400	55.190196991
401	42.6919059753
402	21.4380092621
403	1.73091888428
404	27.2711849213
405	0.842292785645
406	8.48231220245
407	56.7943572998
408	18.5385780334
409	4.32756567001
410	24.5809288025
411	10.0935440063
412	136.33644104
413	15.2703990936
414	19.2939357758
415	101.972427368
416	65.0759658813
417	136.933395386
418	106.900657654
419	12.6660547256
420	75.9628601074
421	37.4926681519
422	56.5109825134
423	109.744430542
424	28.7883853912
425	110.382980347
426	32.8683013916
427	9.57998752594
428	18.9154376984
429	19.558631897
430	16.4409008026
431	41.3219184875
432	19.7845420837
433	0.895799279213
434	17.0392436981
435	12.9559011459
436	0.675101161003
437	9.11814308167
438	72.5802536011
439	147.764099121
440	32.5334281921
441	120.249816895
442	49.1817359924
443	56.7036628723
444	36.3273429871
445	18.368309021
446	5.89527416229
447	3.10472822189
448	0.161530986428
449	2.30105829239
450	10.4617481232
451	1.49276638031
452	0.0
453	0.0
454	0.919695496559
455	11.1110515594
456	6.81951284409
457	4.39981222153
458	7.51592111588
459	30.8694286346
460	13.9795837402
461	120.48589325
462	6.35352325439
463	115.081016541
464	88.4439315796
465	1.87461793423
466	9.15588665009
467	111.217483521
468	78.6353302002
469	28.8416175842
470	61.6718139648
471	67.8990402222
472	205.796020508
473	61.1391525269
474	2.62613868713
475	44.4368934631
476	80.7767181396
477	50.6024551392
478	9.22486877441
479	98.2492752075
480	152.827072144
481	48.1059951782
482	90.9418029785
483	57.7098274231
484	17.88539505
485	87.7379379272
486	41.5885696411
487	12.8047018051
488	98.75415802
489	178.088394165
490	14.2931222916
491	34.3728523254
492	112.944480896
493	64.9411468506
494	9.78773593903
495	20.8028316498
496	82.6233596802
497	0.516042172909
498	2.19330620766
499	50.7511825562
500	35.5531616211
501	0.0
502	5.86083221436
503	85.9697036743
504	157.820419312
505	90.3244247437
506	18.3023357391
507	154.016052246
508	109.276779175
509	5.4354467392
510	14.199054718
511	53.5281982422
512	0.0
513	134.990768433
514	103.578865051
515	0.0
516	37.9977645874
517	45.0961723328
518	56.2103919983
519	4.81552791595
520	40.2556037903
521	43.4616546631
522	50.130569458
523	97.8430099487
524	134.775100708
525	43.420665741
526	95.166015625
527	46.6320457458
528	69.4271697998
529	164.137619019
530	400.903289795
531	80.1561737061
532	120.916122437
533	5.99827241898
534	105.000793457
535	106.512069702
536	191.210159302
